0.02	5.339238974638715e-6
0.022	5.334348879627803e-6
0.024	5.329460206319866e-6
0.026000000000000002	5.3239936944188014e-6
0.028	5.31794942377244e-6
0.03	5.311906815282975e-6
0.032	5.3046941011473675e-6
0.034	5.297483260193112e-6
0.036000000000000004	5.289686309402637e-6
0.038000000000000006	5.281303386498802e-6
0.04	5.272922748454732e-6
0.041999999999999996	5.2633741501862514e-6
0.044	5.253828196463697e-6
0.046	5.243707583729786e-6
0.048	5.233012546550218e-6
0.05	5.222320860748266e-6
0.052000000000000005	5.210502509793882e-6
0.054000000000000006	5.198688127295231e-6
0.05600000000000001	5.186329573291298e-6
0.057999999999999996	5.1734272612694285e-6
0.06	5.160530165103463e-6
0.062	5.146582483501649e-6
0.064	5.1326411438716795e-6
0.066	5.11820191190586e-6
0.068	5.1032655657101e-6
0.07	5.088337912903312e-6
0.07200000000000001	5.072460435113664e-6
0.074	5.056593701056182e-6
0.076	5.040284961340465e-6
0.078	5.023535813057671e-6
0.08	5.0068023702304065e-6
0.082	4.989226683085308e-6
0.084	4.971671534695453e-6
0.08600000000000001	4.9537296868301524e-6
0.08800000000000001	4.935404912903799e-6
0.09000000000000001	4.917112163885405e-6
0.09200000000000001	4.898057590099606e-6
0.094	4.879047561275032e-6
0.096	4.859684449392073e-6
0.098	4.839979149321593e-6
0.1	4.820351843896167e-6
0.10200000000000001	4.799929212567997e-6
0.10400000000000001	4.779626398368508e-6
0.10600000000000001	4.758923605917099e-6
0.108	4.737864264573217e-6
0.11	4.717060632861155e-6
0.112	4.694987712914981e-6
0.114	4.673385973883485e-6
0.116	4.651002996270913e-6
0.11800000000000001	4.6281533697073595e-6
0.12000000000000001	4.606816242297556e-6
0.12200000000000001	4.5811252501913735e-6
0.12400000000000001	4.559765227432326e-6
0.126	4.534151836031065e-6
0.128	4.5148110511305235e-6
0.13	4.549195046209466e-6
0.132	4.947087241057569e-6
0.134	8.969491844398327e-6
0.136	8.749021851209658e-6
0.138	5.0604708308240635e-6
0.13999999999999999	4.841427495844452e-6
0.142	4.695780513143092e-6
0.144	4.596450769607298e-6
0.146	4.529973649844734e-6
0.148	4.487375500505424e-6
0.15	4.448028422188756e-6
0.152	4.418972448036866e-6
0.154	4.390950065499725e-6
0.156	4.365393214897339e-6
0.158	4.342076646715693e-6
0.16	4.31903956403273e-6
0.162	4.298293923766007e-6
0.164	4.277685802582434e-6
0.16599999999999998	4.257910350473752e-6
0.16799999999999998	4.238941451498231e-6
0.16999999999999998	4.220027710481572e-6
0.172	4.202325108497143e-6
0.174	4.1846546223109965e-6
0.176	4.167517418613437e-6
0.178	4.1509080270573915e-6
0.18	4.13431385206453e-6
0.182	4.1186643010797906e-6
0.184	4.10302422960911e-6
0.186	4.087832936187867e-6
0.188	4.073088853031186e-6
0.19	4.058349452018472e-6
0.192	4.044463418700141e-6
0.194	4.030580243517696e-6
0.19599999999999998	4.01711179355083e-6
0.19799999999999998	4.004057524431745e-6
0.19999999999999998	3.991004456269484e-6
0.20199999999999999	3.978755749056763e-6
0.204	3.9665075531611716e-6
0.206	3.954650832525818e-6
0.208	3.943185370586373e-6
0.21	3.931719762777366e-6
0.212	3.9210136669996865e-6
0.214	3.910307139973146e-6
0.216	3.8999674332622014e-6
0.218	3.889994450978868e-6
0.22	3.8800207470978595e-6
0.222	3.87075288254583e-6
0.224	3.861484162520838e-6
0.226	3.852552170364415e-6
0.228	3.84395685782897e-6
0.22999999999999998	3.835360543994028e-6
0.23199999999999998	3.8274037961397975e-6
0.23399999999999999	3.81944597352192e-6
0.236	3.81178840239015e-6
0.238	3.8044310531320137e-6
0.24	3.79707253977045e-6
0.242	3.790274647159366e-6
0.244	3.7834755388313834e-6
0.246	3.7769317800489516e-6
0.248	3.770645452797474e-6
0.25	3.7643578484383805e-6
0.252	3.758541128433219e-6
0.254	3.7527230717697213e-6
0.256	3.747115783358264e-6
0.258	3.741719231983218e-6
0.26	3.7363212500231417e-6
0.262	3.7296498919257647e-6
0.264	3.72518222481205e-6
0.266	3.72070301807588e-6
0.268	3.716212232157467e-6
0.27	3.711719827650216e-6
0.272	3.707211809841463e-6
0.274	3.702702079693085e-6
0.276	3.698186754626126e-6
0.278	3.6936657779008557e-6
0.28	3.6891429180741916e-6
0.28200000000000003	3.684616944374658e-6
0.28400000000000003	3.6800889472483526e-6
0.28600000000000003	3.675561605467539e-6
0.28800000000000003	3.6710348310860203e-6
0.29000000000000004	3.666505768457573e-6
0.29200000000000004	3.6619866675420527e-6
0.29400000000000004	3.6574650540225927e-6
0.29600000000000004	3.6529504607462456e-6
0.29800000000000004	3.6484427430225288e-6
0.30000000000000004	3.6439320766812066e-6
0.30200000000000005	3.6394446524496415e-6
0.30400000000000005	3.6349538952490007e-6
0.30600000000000005	3.6304763275597067e-6
0.30800000000000005	3.6260116961630235e-6
0.31	3.6215429679200596e-6
0.312	3.6171105287059085e-6
0.314	3.612673305295562e-6
0.316	3.608254769960505e-6
0.318	3.6038544488775607e-6
0.32	3.5994479117355e-6
0.322	3.595089383249885e-6
0.324	3.590723292233334e-6
0.326	3.5863797298257476e-6
0.328	3.582057716119852e-6
0.33	3.577725169183085e-6
0.332	3.573449349616224e-6
0.334	3.5691600047747025e-6
0.336	3.5648928019865486e-6
0.338	3.5606453553879294e-6
0.34	3.556377098350783e-6
0.342	3.552165991531369e-6
0.34400000000000003	3.5479257374974498e-6
0.34600000000000003	3.543694148882024e-6
0.34800000000000003	3.5394631770379897e-6
0.35000000000000003	3.5351779052863575e-6
0.35200000000000004	3.5195691067177585e-6
0.35400000000000004	3.5162980341303156e-6
0.35600000000000004	3.513093969084763e-6
0.35800000000000004	3.5099576711242146e-6
0.36000000000000004	3.5068404772374536e-6
0.36200000000000004	3.5038472016648974e-6
0.36400000000000005	3.500874762749605e-6
0.36600000000000005	3.4979784073840167e-6
0.36800000000000005	3.495159126145671e-6
0.37000000000000005	3.492363656818026e-6
0.372	3.489705960284263e-6
0.374	3.4870743513240404e-6
0.376	3.4845284091779475e-6
0.378	3.4820694446678167e-6
0.38	3.479640505417398e-6
0.382	3.4773631751819294e-6
0.384	3.475118905974473e-6
0.386	3.4729709386556216e-6
0.388	3.4709210367863517e-6
0.39	3.468909494553294e-6
0.392	3.46706418173844e-6
0.394	3.4652613505350913e-6
0.396	3.4635674149643313e-6
0.398	3.4619847928494304e-6
0.4	3.460451918171882e-6
0.402	3.4590899072810087e-6
0.404	3.4577824259802296e-6
0.406	3.4565988530463522e-6
0.40800000000000003	3.4555425092306506e-6
0.41000000000000003	3.4545506766981975e-6
0.41200000000000003	3.4537617763538244e-6
0.41400000000000003	3.453045324504083e-6
0.41600000000000004	3.4524741130054722e-6
0.41800000000000004	3.4520529088804067e-6
0.42000000000000004	3.4517184866608478e-6
0.42200000000000004	3.4516155345641535e-6
0.42400000000000004	3.4516109186241613e-6
0.42600000000000005	3.4517821373810615e-6
0.42800000000000005	3.452136233715231e-6
0.43000000000000005	3.4526098508792004e-6
0.43200000000000005	3.4533568742935493e-6
0.43400000000000005	3.45424077012652e-6
0.43600000000000005	3.455346482202248e-6
0.438	3.456684772797099e-6
0.44	3.4581923244134684e-6
0.442	3.4600382092417745e-6
0.444	3.46208038841546e-6
0.446	3.464416468721965e-6
0.448	3.4670635687110357e-6
0.45	3.4699585142416177e-6
0.452	3.473288607771754e-6
0.454	3.4769098618603676e-6
0.456	3.48094227360826e-6
0.458	3.485414344106898e-6
0.46	3.49026347933642e-6
0.462	3.4957329095465286e-6
0.464	3.5016548009075384e-6
0.466	3.5081905719802716e-6
0.468	3.515390721406933e-6
0.47000000000000003	3.523195724117222e-6
0.47200000000000003	3.531938453994569e-6
0.47400000000000003	3.541424497365839e-6
0.47600000000000003	3.551896142926766e-6
0.47800000000000004	3.5634498483893853e-6
0.48000000000000004	3.576038466923011e-6
0.48200000000000004	3.5901740452475904e-6
0.48400000000000004	3.605621535929555e-6
0.48600000000000004	3.6227946757046134e-6
0.48800000000000004	3.641896632180152e-6
0.49000000000000005	3.6629263498423034e-6
0.49200000000000005	3.6867899807786106e-6
0.49400000000000005	3.713202196394758e-6
0.49600000000000005	3.742986995161796e-6
0.49800000000000005	3.776632913445727e-6
0.5	3.8143148221282715e-6
0.502	3.857921287704731e-6
0.504	3.907189745523852e-6
0.506	3.964117682261884e-6
0.508	4.030124184974865e-6
0.51	4.106147723117902e-6
0.512	4.1972786842723615e-6
0.514	4.303838010356201e-6
0.516	4.432254500441225e-6
0.518	4.588068781176492e-6
0.52	4.776600586244192e-6
0.522	5.0175432556075e-6
0.524	5.317770057940582e-6
0.526	5.710578709572939e-6
0.528	6.2325079450750865e-6
0.53	6.933001480032644e-6
0.532	7.96777911126993e-6
0.534	9.466530816731438e-6
0.536	0.000011916748567135994
0.538	0.000016132138243071146
0.54	0.000024117475766723984
0.542	0.000047829845361076997
0.544	0.00012022246347245038
0.546	0.000959923954445433
0.548	0.0009533507701648878
0.55	0.00011255267001074012
0.552	0.00004388953188311379
0.554	0.000023697460569656984
0.556	0.000015162047555872697
0.558	0.00001118592836886174
0.56	8.83553274448752e-6
0.562	7.422722886364965e-6
0.5640000000000001	6.466898195762147e-6
0.5660000000000001	5.7985906991451485e-6
0.5680000000000001	5.318086457660556e-6
0.5700000000000001	4.954413226509084e-6
0.5720000000000001	4.679688764426824e-6
0.5740000000000001	4.462744318777603e-6
0.5760000000000001	4.289736049397142e-6
0.5780000000000001	4.150059644831516e-6
0.5800000000000001	4.0346524588361035e-6
0.5820000000000001	3.939513909145593e-6
0.5840000000000001	3.8592572533503755e-6
0.5860000000000001	3.7912369130261155e-6
0.5880000000000001	3.7331793496876265e-6
0.5900000000000001	3.6829888687862562e-6
0.5920000000000001	3.639638636124946e-6
0.5940000000000001	3.601695394086415e-6
0.5960000000000001	3.56838159536044e-6
0.598	3.5389960333413223e-6
0.6	3.5128765574761027e-6
0.602	3.4896266053972664e-6
0.604	3.4687907380103975e-6
0.606	3.4500713608312325e-6
0.608	3.433197551355128e-6
0.61	3.417915215175731e-6
0.612	3.404057116604974e-6
0.614	3.3914319439391564e-6
0.616	3.379904743585131e-6
0.618	3.369354025213386e-6
0.62	3.3596685504724172e-6
0.622	3.3507624305668637e-6
0.624	3.342551272721893e-6
0.626	3.334966495067223e-6
0.628	3.3279473840971774e-6
0.63	3.321439872370671e-6
0.632	3.315396473363144e-6
0.634	3.3097759200917192e-6
0.636	3.3045407882160684e-6
0.638	3.2996581993750277e-6
0.64	3.295099259676635e-6
0.642	3.2908371847773277e-6
0.644	3.2868491260251706e-6
0.646	3.283114064275303e-6
0.648	3.2796130949299682e-6
0.65	3.276329183266838e-6
0.652	3.273247843186161e-6
0.654	3.270354353875868e-6
0.656	3.2676370753673728e-6
0.658	3.265084662454975e-6
0.66	3.262685941693896e-6
0.662	3.2604343149532156e-6
0.664	3.2583185905127206e-6
0.666	3.2563329059044655e-6
0.668	3.2544702773160763e-6
0.67	3.2527225342322747e-6
0.672	3.251047022805411e-6
0.674	3.2495291042635938e-6
0.676	3.24810984082226e-6
0.678	3.2467849211837213e-6
0.68	3.2455509143962267e-6
0.682	3.2444018475690167e-6
0.684	3.243337120118379e-6
0.686	3.2423533820021906e-6
0.6880000000000001	3.241448056762374e-6
0.6900000000000001	3.2406193211265074e-6
0.6920000000000001	3.239864181915318e-6
0.6940000000000001	3.2391817957849725e-6
0.6960000000000001	3.23857011708264e-6
0.6980000000000001	3.2380277937303267e-6
0.7000000000000001	3.237554155960738e-6
0.7020000000000001	3.2371472940399335e-6
0.7040000000000001	3.2368073985529126e-6
0.7060000000000001	3.236533401998465e-6
0.7080000000000001	3.2363248883950213e-6
0.7100000000000001	3.236182087734873e-6
0.7120000000000001	3.2361039514381763e-6
0.7140000000000001	3.2360915107481077e-6
0.7160000000000001	3.2361445096221646e-6
0.7180000000000001	3.236263326185104e-6
0.7200000000000001	3.2364489711934648e-6
0.7220000000000001	3.2367011596522505e-6
0.724	3.237021686233894e-6
0.726	3.237411048231144e-6
0.728	3.2378703780671857e-6
0.73	3.2384014450444064e-6
0.732	3.2390047224495757e-6
0.734	3.2396827797293843e-6
0.736	3.2404368950281054e-6
0.738	3.241268998669816e-6
0.74	3.242181678128548e-6
0.742	3.243176240578066e-6
0.744	3.244256122159896e-6
0.746	3.2454234902157937e-6
0.748	3.2466811982308313e-6
0.75	3.2480327945315867e-6
0.752	3.2494782682325033e-6
0.754	3.2510239535224485e-6
0.756	3.2526730644588813e-6
0.758	3.2544295538732385e-6
0.76	3.2562981267714423e-6
0.762	3.2582822958454003e-6
0.764	3.2603878281812244e-6
0.766	3.262619329541651e-6
0.768	3.264982226119965e-6
0.77	3.267482784764728e-6
0.772	3.270126167734211e-6
0.774	3.272919901601685e-6
0.776	3.275836306257938e-6
0.778	3.2788760263969854e-6
0.78	3.2820787620348073e-6
0.782	3.285542689718124e-6
0.784	3.289197108225362e-6
0.786	3.2930511143471816e-6
0.788	3.2971149334001744e-6
0.79	3.3013999656303175e-6
0.792	3.3059168530436608e-6
0.794	3.3106790085658366e-6
0.796	3.31569919992614e-6
0.798	3.3209916031204923e-6
0.8	3.3265718740594883e-6
0.802	3.3324114614310792e-6
0.804	3.3385674627724555e-6
0.806	3.3450576021208577e-6
0.808	3.3519014175218557e-6
0.81	3.3591203716527986e-6
0.812	3.3667359728550018e-6
0.8140000000000001	3.374773412727992e-6
0.8160000000000001	3.3832582078336507e-6
0.8180000000000001	3.3922183673991238e-6
0.8200000000000001	3.4016845732291544e-6
0.8220000000000001	3.4116883695835485e-6
0.8240000000000001	3.4222659024841657e-6
0.8260000000000001	3.4334546434902844e-6
0.8280000000000001	3.4452956751075947e-6
0.8300000000000001	3.4578339933756753e-6
0.8320000000000001	3.471116827276401e-6
0.8340000000000001	3.4851975492304743e-6
0.8360000000000001	3.500132559996108e-6
0.8380000000000001	3.515983782567979e-6
0.8400000000000001	3.532819191491362e-6
0.8420000000000001	3.550711381338554e-6
0.8440000000000001	3.5697417863843226e-6
0.8460000000000001	3.5899978856322578e-6
0.8480000000000001	3.611576089509822e-6
0.8500000000000001	3.6345827096328994e-6
0.8520000000000001	3.6591330248302445e-6
0.854	3.6853560999883176e-6
0.856	3.7133926498925222e-6
0.858	3.7433987160313474e-6
0.86	3.775547543797329e-6
0.862	3.8100274815588025e-6
0.864	3.847054288078535e-6
0.866	3.886864541863578e-6
0.868	3.929722883169492e-6
0.87	3.975925896041166e-6
0.872	4.0258045859264055e-6
0.874	4.079733282626009e-6
0.876	4.138132278552304e-6
0.878	4.201477244359467e-6
0.88	4.270307942539327e-6
0.882	4.345236526546622e-6
0.884	4.426963527655355e-6
0.886	4.516289085430853e-6
0.888	4.614132908749257e-6
0.89	4.72155595284912e-6
0.892	4.839784746987675e-6
0.894	4.970247353966096e-6
0.896	5.114609570168396e-6
0.898	5.2748263821018795e-6
0.9	5.453203596116179e-6
0.902	5.619705064655926e-6
0.904	5.8049148167507605e-6
0.906	6.011761769961192e-6
0.908	6.243772197199459e-6
0.91	6.505221871905389e-6
0.912	6.801333381846019e-6
0.914	7.1385440083681535e-6
0.916	7.524856341785431e-6
0.918	7.97032159218248e-6
0.92	8.487702517368885e-6
0.922	9.093398841093823e-6
0.924	9.808771003133851e-6
0.926	0.000010662051153493812
0.928	0.000011691181580617491
0.93	0.000012948116961983271
0.932	0.000014505524956664531
0.934	0.00001646755544534407
0.936	0.000018987744596979966
0.9380000000000001	0.00002230004449605196
0.9400000000000001	0.000026775227202588507
0.9420000000000001	0.00003302948595179385
0.9440000000000001	0.00004214875065978888
0.9460000000000001	0.00005619448592156837
0.9480000000000001	0.00007948112989489784
0.9500000000000001	0.00012233574961750647
0.9520000000000001	0.0002148928422396617
0.9540000000000001	0.0004792554547126041
0.9560000000000001	0.0019063334320145473
0.9580000000000001	1.5145039934944247e23
0.9600000000000001	0.0019039433629288926
0.9620000000000001	0.0004933816419519476
0.9640000000000001	0.0002279068647965379
0.9660000000000001	0.0001335553865461301
0.9680000000000001	0.00008922950922043308
0.9700000000000001	0.00006479875537476953
0.9720000000000001	0.0000498566960300244
0.9740000000000001	0.000040022607844837395
0.9760000000000001	0.00003318768881076012
0.9780000000000001	0.000028232878637282912
0.98	0.00002451855479020896
0.982	0.00002165707159085717
0.984	0.000019402084514604226
0.986	0.000017590778773522736
0.988	0.000016111937617790163
0.99	0.000014887421590154875
0.992	0.000013860978425045632
0.994	0.000012991247690136413
0.996	0.000012247243005408881
0.998	0.000011605364190489665
1.	0.000011047369316167703
1.002	0.000010422883640874172
1.004	9.8752259345719e-6
1.006	9.392092654170471e-6
1.008	8.963563949129635e-6
1.01	8.581568687726897e-6
1.012	8.239482585905888e-6
1.014	7.931829870809193e-6
1.016	7.654048484978055e-6
1.018	7.402313953652404e-6
1.02	7.172624233631695e-6
1.022	6.963100441309814e-6
1.024	6.7713974558893455e-6
1.026	6.595503104923321e-6
1.028	6.433684439536204e-6
1.03	6.2844424442695595e-6
1.032	6.146472921225392e-6
1.034	6.018640105329792e-6
1.036	5.899947852863357e-6
1.038	5.789521187859409e-6
1.04	5.686589088174497e-6
1.042	5.59044055327042e-6
1.044	5.50049978853545e-6
1.046	5.416227059239717e-6
1.048	5.3371411969203174e-6
1.05	5.262812221920293e-6
1.052	5.192852811707812e-6
1.054	5.126916804633831e-6
1.056	5.064690645145272e-6
1.058	5.0058916094196855e-6
1.06	4.9502643345497755e-6
1.062	4.897575564630003e-6
1.064	4.847615451090415e-6
1.066	4.80019133501725e-6
1.068	4.755127987429705e-6
1.07	4.712265849142562e-6
1.072	4.6714572311028455e-6
1.074	4.632568891401128e-6
1.076	4.595476882778011e-6
1.078	4.56006773967926e-6
1.08	4.5262375289746035e-6
1.082	4.493888743798337e-6
1.084	4.4629335122574545e-6
1.086	4.43328896125877e-6
1.088	4.404878882241201e-6
1.09	4.377633192198472e-6
1.092	4.351485177316058e-6
1.094	4.326375037893286e-6
1.096	4.302245513458364e-6
1.098	4.279043806861412e-6
1.1	4.256721264622903e-6
1.102	4.235069986877364e-6
1.104	4.214215883557199e-6
1.106	4.194117870402394e-6
1.108	4.174738029289947e-6
1.11	4.156041409411073e-6
1.112	4.137993552029835e-6
1.114	4.120564343218012e-6
1.116	4.103723842115703e-6
1.118	4.087444442357496e-6
1.12	4.071700745628674e-6
1.122	4.056467140775461e-6
1.124	4.0417217345671725e-6
1.1260000000000001	4.027442214101178e-6
1.1280000000000001	4.013608067386042e-6
1.1300000000000001	4.000200500601787e-6
1.1320000000000001	3.987200045902459e-6
1.1340000000000001	3.974590547426703e-6
1.1360000000000001	3.962355037252406e-6
1.1380000000000001	3.950477996828976e-6
1.1400000000000001	3.938945301452049e-6
1.1420000000000001	3.927741841875927e-6
1.1440000000000001	3.916855552335936e-6
1.1460000000000001	3.906273287925808e-6
1.1480000000000001	3.895983116090412e-6
1.1500000000000001	3.885974278515379e-6
1.1520000000000001	3.8762348176276106e-6
1.1540000000000001	3.866755638707179e-6
1.1560000000000001	3.857526381310908e-6
1.1580000000000001	3.848537734283077e-6
1.1600000000000001	3.839781409063659e-6
1.1620000000000001	3.831247765566588e-6
1.1640000000000001	3.822929903518544e-6
1.1660000000000001	3.814819523305842e-6
1.1680000000000001	3.806909260435568e-6
1.1700000000000002	3.7991926664969227e-6
1.1720000000000002	3.791661830919698e-6
1.174	3.784311498491931e-6
1.176	3.77713491665071e-6
1.178	3.7701261868106686e-6
1.18	3.763280250558274e-6
1.182	3.7565905050138485e-6
1.184	3.750052944585289e-6
1.186	3.743661992730907e-6
1.188	3.7374128684856253e-6
1.19	3.731301576300445e-6
1.192	3.7253225134905197e-6
1.194	3.7194726349719696e-6
1.196	3.713747268157514e-6
1.198	3.708142493586264e-6
1.2	3.7026551373475862e-6
1.202	3.6972675622097487e-6
1.204	3.6919905670762657e-6
1.206	3.6868201719918248e-6
1.208	3.6817531194213637e-6
1.21	3.67678686852163e-6
1.212	3.671917183956914e-6
1.214	3.667142344434294e-6
1.216	3.6624589213190333e-6
1.218	3.6578641855300666e-6
1.22	3.6533561031851416e-6
1.222	3.648918655358615e-6
1.224	3.644562847483898e-6
1.226	3.6402856862055394e-6
1.228	3.636084861214835e-6
1.23	3.6319587419241895e-6
1.232	3.627903945558452e-6
1.234	3.6239195881015402e-6
1.236	3.6200030246432377e-6
1.238	3.6161522812348503e-6
1.24	3.61236605234944e-6
1.242	3.6086412581474494e-6
1.244	3.604977316400033e-6
1.246	3.6013718632316174e-6
1.248	3.5978231972156985e-6
1.25	3.5943302774478772e-6
1.252	3.590890269773954e-6
1.254	3.5875028396249233e-6
1.256	3.5841658529261197e-6
1.258	3.5808778323487768e-6
1.26	3.5776379558699693e-6
1.262	3.574443591795514e-6
1.264	3.5712946124804984e-6
1.266	3.5681890752136275e-6
1.268	3.5651256905731256e-6
1.27	3.56210382137838e-6
1.272	3.5591210063684154e-6
1.274	3.5561772948061746e-6
1.276	3.5532709071703684e-6
1.278	3.550400715584249e-6
1.28	3.5475662430819786e-6
1.282	3.5447651758200057e-6
1.284	3.5419977185767144e-6
1.286	3.5392622350970616e-6
1.288	3.536557740572878e-6
1.29	3.5338839011558614e-6
1.292	3.5312385345868964e-6
1.294	3.5286219866079303e-6
1.296	3.526032750809953e-6
1.298	3.5234699731465736e-6
1.3	3.5209334516278263e-6
1.302	3.518344145067677e-6
1.304	3.5157807112275426e-6
1.306	3.513241738819524e-6
1.308	3.5107264713401774e-6
1.31	3.5082348068542035e-6
1.312	3.505764775095335e-6
1.314	3.5033169557298732e-6
1.316	3.5008900567408046e-6
1.318	3.4984834429284154e-6
1.32	3.496097135744223e-6
1.322	3.4937292784707485e-6
1.324	3.4913805754487937e-6
1.326	3.4890498495186944e-6
1.328	3.486736582498871e-6
1.33	3.4844409150035257e-6
1.332	3.482161099588704e-6
1.334	3.4798979609626345e-6
1.336	3.477650432339101e-6
1.338	3.4754181078817206e-6
1.34	3.4732012424480856e-6
1.342	3.4709981925997367e-6
1.344	3.4688098978277404e-6
1.346	3.4666353956863425e-6
1.348	3.464474386206449e-6
1.35	3.462327231525841e-6
1.352	3.460192384678835e-6
1.354	3.4580708918899605e-6
1.356	3.4559618863765604e-6
1.358	3.4538651647582393e-6
1.36	3.451781186556538e-6
1.362	3.4497084907043785e-6
1.364	3.447648218987505e-6
1.366	3.4455995884301414e-6
1.368	3.443562479754654e-6
1.37	3.4415374367614566e-6
1.372	3.4395230705248194e-6
1.374	3.437520604090446e-6
1.3760000000000001	3.435529323383553e-6
1.3780000000000001	3.433549177800215e-6
1.3800000000000001	3.4315807795036167e-6
1.3820000000000001	3.429622795296219e-6
1.3840000000000001	3.427676512706678e-6
1.3860000000000001	3.4257412693795395e-6
1.3880000000000001	3.42381706590073e-6
1.3900000000000001	3.421904565064372e-6
1.3920000000000001	3.4200024714262156e-6
1.3940000000000001	3.4181121189292376e-6
1.3960000000000001	3.4162328787435955e-6
1.3980000000000001	3.4143647844394183e-6
1.4000000000000001	3.4125085312853816e-6
1.4020000000000001	3.41063465275746e-6
1.4040000000000001	3.4087731750560123e-6
1.4060000000000001	3.406923480976806e-6
1.4080000000000001	3.405085615270208e-6
1.4100000000000001	3.403260284030584e-6
1.4120000000000001	3.401446209631017e-6
1.4140000000000001	3.3996447618865543e-6
1.4160000000000001	3.3978553226824875e-6
1.4180000000000001	3.3960779361723043e-6
1.4200000000000002	3.394313308299973e-6
1.4220000000000002	3.3925601494069584e-6
1.4240000000000002	3.3908198273724e-6
1.4260000000000002	3.3890917105401174e-6
1.428	3.3873758305619388e-6
1.43	3.3856728820722186e-6
1.432	3.383981552923295e-6
1.434	3.3823031994174907e-6
1.436	3.3806371674348592e-6
1.438	3.378983467984795e-6
1.44	3.3773427770314384e-6
1.442	3.3757137532909376e-6
1.444	3.374097735655183e-6
1.446	3.372494042398996e-6
1.448	3.370902659487775e-6
1.45	3.3693242405357483e-6
1.452	3.3677574120798755e-6
1.454	3.3662034932859832e-6
1.456	3.3646617730956367e-6
1.458	3.363132211328854e-6
1.46	3.361615438746592e-6
1.462	3.360110049703653e-6
1.464	3.3586173442258378e-6
1.466	3.357136582944317e-6
1.468	3.355667701030565e-6
1.47	3.354211308330453e-6
1.472	3.3527659692921125e-6
1.474	3.3513329675074857e-6
1.476	3.349911538274866e-6
1.478	3.3485015954074345e-6
1.48	3.3471037314077407e-6
1.482	3.34571648456464e-6
1.484	3.34434112606284e-6
1.486	3.3429768700107084e-6
1.488	3.341623613172447e-6
1.49	3.3402819351566086e-6
1.492	3.3389503525771547e-6
1.494	3.3376301288484175e-6
1.496	3.3363204615132572e-6
1.498	3.335021234960021e-6
1.5	3.341769650068646e-6
1.502	3.3404603867334235e-6
1.504	3.3391620547010844e-6
1.506	3.337873838092877e-6
1.508	3.336595612049763e-6
1.51	3.3353279428960567e-6
1.512	3.3340693161201576e-6
1.514	3.3328209919549993e-6
1.516	3.3315821468022527e-6
1.518	3.330352652149675e-6
1.52	3.329133074708949e-6
1.522	3.327921891153248e-6
1.524	3.326720366830388e-6
1.526	3.3255276739740393e-6
1.528	3.3243436838600123e-6
1.53	3.323168966915804e-6
1.532	3.3220019941105572e-6
1.534	3.3208440389817454e-6
1.536	3.3196942724493935e-6
1.538	3.318552568317691e-6
1.54	3.3174195033569887e-6
1.542	3.3162935452375336e-6
1.544	3.3151759780659105e-6
1.546	3.3140659736078807e-6
1.548	3.3129634102513836e-6
1.55	3.311868873063699e-6
1.552	3.3107808281543646e-6
1.554	3.3097005719329178e-6
1.556	3.308627278533388e-6
1.558	3.3075608323640096e-6
1.56	3.306501828143279e-6
1.562	3.3054487315698215e-6
1.564	3.304402852528714e-6
1.566	3.303363368495984e-6
1.568	3.3023301708096035e-6
1.57	3.3013038646884558e-6
1.572	3.300282916077942e-6
1.574	3.2992686490485176e-6
1.576	3.2982602449420968e-6
1.578	3.2972576025083387e-6
1.58	3.2962613379103914e-6
1.582	3.2952690919182513e-6
1.584	3.294283071889181e-6
1.586	3.2933024614976973e-6
1.588	3.292327165407448e-6
1.59	3.291357809265822e-6
1.592	3.2903928584643227e-6
1.594	3.2894336647218135e-6
1.596	3.288479415924682e-6
1.598	3.287530024465033e-6
1.6	3.286586127228436e-6
1.602	3.28564293617635e-6
1.604	3.2847050973347384e-6
1.606	3.2837718022045735e-6
1.608	3.2828429703280927e-6
1.61	3.2819192492720434e-6
1.612	3.2809991046441988e-6
1.614	3.280083917063183e-6
1.616	3.279172881502102e-6
1.618	3.2782659245358026e-6
1.62	3.2773637043215314e-6
1.622	3.2764646859627847e-6
1.624	3.2755702641781236e-6
1.6260000000000001	3.274679636891067e-6
1.6280000000000001	3.2737927372285533e-6
1.6300000000000001	3.272910233500439e-6
1.6320000000000001	3.2720305897037705e-6
1.6340000000000001	3.2711552142609133e-6
1.6360000000000001	3.270283307483927e-6
1.6380000000000001	3.2694148085412218e-6
1.6400000000000001	3.2685503954368823e-6
1.6420000000000001	3.267688530432454e-6
1.6440000000000001	3.2668306352520923e-6
1.6460000000000001	3.2659759120212627e-6
1.6480000000000001	3.2651243054344693e-6
1.6500000000000001	3.26427650273511e-6
1.6520000000000001	3.263430963814731e-6
1.6540000000000001	3.2625891233124217e-6
1.6560000000000001	3.2617501845973234e-6
1.6580000000000001	3.26091409738747e-6
1.6600000000000001	3.2600815577306327e-6
1.6620000000000001	3.2592510225227115e-6
1.6640000000000001	3.258423938960401e-6
1.6660000000000001	3.2575995111044442e-6
1.6680000000000001	3.2567776932181433e-6
1.6700000000000002	3.2559591897494686e-6
1.6720000000000002	3.2551424539907432e-6
1.6740000000000002	3.2543289453777002e-6
1.6760000000000002	3.2535178681356653e-6
1.6780000000000002	3.2527091806261844e-6
1.6800000000000002	3.2519035953305285e-6
1.6820000000000002	3.251099561351962e-6
1.6840000000000002	3.2502985500909574e-6
1.686	3.249499765439259e-6
1.688	3.248703169444437e-6
1.69	3.247909482294835e-6
1.692	3.247117148343435e-6
1.694	3.246327650728184e-6
1.696	3.2455401925391756e-6
1.698	3.2447547391337995e-6
1.7	3.2439720181231126e-6
1.702	3.243183959829606e-6
1.704	3.2423986128867386e-6
1.706	3.2416151787140253e-6
1.708	3.2408336252129647e-6
1.71	3.2400546867546986e-6
1.712	3.23927679618727e-6
1.714	3.2385014592237674e-6
1.716	3.2377278756585545e-6
1.718	3.236956016081184e-6
1.72	3.2361866218653476e-6
1.722	3.235418119585522e-6
1.724	3.234652026320665e-6
1.726	3.233887539852718e-6
1.728	3.233124633182907e-6
1.73	3.2323640545218786e-6
1.732	3.2316042236895647e-6
1.734	3.2308466690892754e-6
1.736	3.2300905861258383e-6
1.738	3.229335949965414e-6
1.74	3.2285835155267134e-6
1.742	3.2278316954070914e-6
1.744	3.227082029336416e-6
1.746	3.2263337099971747e-6
1.748	3.2255867145007383e-6
1.75	3.2248418043795576e-6
1.752	3.224097384549662e-6
1.754	3.223355006111787e-6
1.756	3.222613858697162e-6
1.758	3.2218739211670342e-6
1.76	3.2211359616057423e-6
1.762	3.2203982926587768e-6
1.764	3.219662564878066e-6
1.766	3.2189279643834662e-6
1.768	3.2181944714733757e-6
1.77	3.217462860618402e-6
1.772	3.216731519885024e-6
1.774	3.2160020232848835e-6
1.776	3.215273553289316e-6
1.778	3.214546091642273e-6
1.78	3.213820419354703e-6
1.782	3.213094915476411e-6
1.784	3.2123711657823004e-6
1.786	3.2116483487931404e-6
1.788	3.2109264475579825e-6
1.79	3.21020624964919e-6
1.792	3.2094861246388793e-6
1.794	3.2087676702617437e-6
1.796	3.208050060791267e-6
1.798	3.2073332804570897e-6
1.8	3.2066181234405924e-6
1.802	3.2059084237836027e-6
1.804	3.205200284180108e-6
1.806	3.204492874632433e-6
1.808	3.2037861807075524e-6
1.81	3.2030810035332124e-6
1.812	3.202375692571371e-6
1.814	3.201671870474062e-6
1.816	3.2009687023945074e-6
1.818	3.2002661748577644e-6
1.82	3.1995650957572724e-6
1.822	3.1988638036228687e-6
1.824	3.1981639338660786e-6
1.826	3.1974646464962022e-6
1.828	3.196765928910013e-6
1.83	3.1960685958886886e-6
1.832	3.195370974520959e-6
1.834	3.1946747133238857e-6
1.836	3.193978966863804e-6
1.838	3.19328372333233e-6
1.84	3.192589804543613e-6
1.842	3.191895525616575e-6
1.844	3.1912025485573443e-6
1.846	3.190510022184029e-6
1.848	3.1898179354145336e-6
1.85	3.189127117264116e-6
1.852	3.1884358703306767e-6
1.854	3.1877458705310784e-6
1.856	3.1870562606217888e-6
1.858	3.186367030185779e-6
1.86	3.185679015630334e-6
1.862	3.1849905064558554e-6
1.864	3.1843031929505974e-6
1.866	3.183616211486014e-6
1.868	3.1829295522553505e-6
1.87	3.1822440592716833e-6
1.872	3.181558008333469e-6
1.874	3.1808731046010543e-6
1.8760000000000001	3.180188477725782e-6
1.8780000000000001	3.1795041184620477e-6
1.8800000000000001	3.1788208786655346e-6
1.8820000000000001	3.178137019797625e-6
1.8840000000000001	3.1774542624327783e-6
1.8860000000000001	3.176771729153701e-6
1.8880000000000001	3.176089411231802e-6
1.8900000000000001	3.1754081686255945e-6
1.8920000000000001	3.174726247790879e-6
1.8940000000000001	3.174045385300988e-6
1.8960000000000001	3.173364696306391e-6
1.8980000000000001	3.1726841725557674e-6
1.9000000000000001	3.172004682394573e-6
1.9020000000000001	3.1713449444562153e-6
1.9040000000000001	3.170686119712343e-6
1.9060000000000001	3.1700273162545564e-6
1.9080000000000001	3.1693685270194898e-6
1.9100000000000001	3.168710629787598e-6
1.9120000000000001	3.1680518395832755e-6
1.9140000000000001	3.1673939276367147e-6
1.9160000000000001	3.1667359937932727e-6
1.9180000000000001	3.166078031363994e-6
1.9200000000000002	3.1654209271245083e-6
1.9220000000000002	3.1647628788266355e-6
1.9240000000000002	3.1641056756938973e-6
1.9260000000000002	3.1634484089087735e-6
1.9280000000000002	3.1627910721293058e-6
1.9300000000000002	3.1621345614881096e-6
1.9320000000000002	3.1614770566367176e-6
1.9340000000000002	3.16082036556752e-6
1.9360000000000002	3.160163570361774e-6
1.9380000000000002	3.159506664999686e-6
1.94	3.158850555359509e-6
1.942	3.1581933899719e-6
1.944	3.1575370090402228e-6
1.946	3.1568804850679406e-6
1.948	3.156223812320424e-6
1.95	3.1555679068241204e-6
1.952	3.1549109093401525e-6
1.954	3.1542546679240833e-6
1.956	3.1535982450319933e-6
1.958	3.1529416352104194e-6
1.96	3.152285765095597e-6
1.962	3.151628754569936e-6
1.964	3.1509724731106005e-6
1.966	3.1503159726126844e-6
1.968	3.1496592478848637e-6
1.97	3.1490032366487092e-6
1.972	3.1483460368715297e-6
1.974	3.147689540452127e-6
1.976	3.147032788182712e-6
1.978	3.146375775116735e-6
1.98	3.1457194505682526e-6
1.982	3.1450618894931247e-6
1.984	3.144405007274923e-6
1.986	3.1437478330310267e-6
1.988	3.143090362043768e-6
1.99	3.1424335557598517e-6
1.992	3.1417754649640184e-6
1.994	3.141118029653859e-6
1.996	3.140460266668125e-6
1.998	3.1398021715034657e-6
2.	3.13914471831389e-6
2.002	3.138472924070281e-6
2.004	3.1378018323545914e-6
2.006	3.137130446674198e-6
2.008	3.1364587623147634e-6
2.01	3.135787766339703e-6
2.012	3.135115457036372e-6
2.014	3.134443826896696e-6
2.016	3.1337718658553943e-6
2.018	3.133099569403076e-6
2.02	3.132427938585748e-6
2.0220000000000002	3.1317549436413403e-6
2.024	3.131082605508796e-6
2.0260000000000002	3.130409899838899e-6
2.028	3.12973682231513e-6
2.0300000000000002	3.129064388653215e-6
2.032	3.1283905395920295e-6
2.0340000000000003	3.127717325943939e-6
2.036	3.1270437083250472e-6
2.0380000000000003	3.1263696826005376e-6
2.04	3.125696279884256e-6
2.0420000000000003	3.1250214098845203e-6
2.044	3.1243471547971207e-6
2.0460000000000003	3.1236724594112023e-6
2.048	3.1229973197632984e-6
2.0500000000000003	3.1223227831369414e-6
2.052	3.121646726592425e-6
2.0540000000000003	3.1209712653064837e-6
2.056	3.1202953274053757e-6
2.0580000000000003	3.119618909087371e-6
2.06	3.1189430746223935e-6
2.0620000000000003	3.118265666715044e-6
2.064	3.117588835212128e-6
2.0660000000000003	3.116911490695256e-6
2.068	3.116233629515494e-6
2.07	3.115556333793031e-6
2.072	3.114877410074558e-6
2.074	3.1141990446619127e-6
2.076	3.113520129662216e-6
2.078	3.112840661570999e-6
2.08	3.1121617412718947e-6
2.082	3.1114811372524144e-6
2.084	3.1108010741546015e-6
2.086	3.1101204246308596e-6
2.088	3.109439185313409e-6
2.09	3.108758476813998e-6
2.092	3.108076027556016e-6
2.094	3.1073941025116224e-6
2.096	3.106711553845511e-6
2.098	3.106028378319324e-6
2.1	3.1053457172913733e-6
2.102	3.1046612570075323e-6
2.104	3.1039773048694006e-6
2.106	3.1032926914657752e-6
2.108	3.1026074136809063e-6
2.11	3.101922634694236e-6
2.112	3.101235996347414e-6
2.114	3.100549850684995e-6
2.116	3.0998630055740017e-6
2.118	3.0991754580149015e-6
2.12	3.098488394141368e-6
2.122	3.097799406703613e-6
2.124	3.0971108971419403e-6
2.126	3.096421649393327e-6
2.128	3.0957316605663812e-6
2.13	3.0950421409411014e-6
2.132	3.094350636390069e-6
2.134	3.0936595953640545e-6
2.136	3.0929677766033986e-6
2.138	3.092275177321522e-6
2.14	3.0915830332047104e-6
2.142	3.090888838310695e-6
2.144	3.0901950931092837e-6
2.146	3.089500529809602e-6
2.148	3.088805145724515e-6
2.15	3.0881102032704254e-6
2.152	3.0874131419588e-6
2.154	3.086716516999457e-6
2.156	3.0860190326674698e-6
2.158	3.0853206863700723e-6
2.16	3.084622768646466e-6
2.162	3.0839226615908726e-6
2.164	3.0832229780142205e-6
2.166	3.0825223927836648e-6
2.168	3.081820903395996e-6
2.17	3.0811198299774636e-6
2.172	3.0804164941889287e-6
2.174	3.0797135694491747e-6
2.176	3.079009699669721e-6
2.178	3.078304882432353e-6
2.18	3.0776004689889427e-6
2.182	3.076893717400102e-6
2.184	3.076187364850447e-6
2.186	3.07548002267145e-6
2.188	3.0747716885255378e-6
2.19	3.0740637464059214e-6
2.192	3.073353387449584e-6
2.194	3.0726434159218552e-6
2.196	3.071932408870164e-6
2.198	3.071220364033425e-6
2.2	3.070508699841873e-6
2.202	3.0697974598903354e-6
2.204	3.069086585552535e-6
2.206	3.0683746178603808e-6
2.208	3.0676615546799027e-6
2.21	3.0669488507111123e-6
2.212	3.0662335526726663e-6
2.214	3.0655186096456663e-6
2.216	3.0648025247177437e-6
2.218	3.064085295821741e-6
2.22	3.063368415735574e-6
2.222	3.062648853285601e-6
2.224	3.0619296355751954e-6
2.226	3.061209225787595e-6
2.228	3.0604876219188326e-6
2.23	3.0597663567775926e-6
2.232	3.0590423172908067e-6
2.234	3.0583186125841094e-6
2.236	3.0575936638850073e-6
2.238	3.0568674692492013e-6
2.24	3.0561416035604466e-6
2.242	3.055412867653667e-6
2.244	3.0546844568623847e-6
2.246	3.0539547483129165e-6
2.248	3.0532237401171912e-6
2.25	3.052493051372611e-6
2.2520000000000002	3.0517593924383427e-6
2.254	3.0510260492327274e-6
2.2560000000000002	3.0502913525384675e-6
2.258	3.0495553005203358e-6
2.2600000000000002	3.0488195587250356e-6
2.262	3.048080742455434e-6
2.2640000000000002	3.0473422327884974e-6
2.266	3.0466023118211313e-6
2.2680000000000002	3.045860977767593e-6
2.27	3.0451199449593637e-6
2.2720000000000002	3.044375728860172e-6
2.274	3.0436318104817465e-6
2.2760000000000002	3.0428864207905117e-6
2.278	3.042139558046859e-6
2.2800000000000002	3.0413929878050077e-6
2.282	3.040643120699072e-6
2.2840000000000003	3.0398935426592834e-6
2.286	3.039142430971777e-6
2.2880000000000003	3.038389783939688e-6
2.29	3.0376374208830066e-6
2.2920000000000003	3.0368816424029588e-6
2.294	3.0361261445447057e-6
2.2960000000000003	3.0353690482566244e-6
2.298	3.034610351881126e-6
2.3000000000000003	3.03385193115452e-6
2.302	3.0330899706698773e-6
2.3040000000000003	3.0323282825718773e-6
2.306	3.0315649287032e-6
2.3080000000000003	3.0307999074415706e-6
2.31	3.0300351536996155e-6
2.3120000000000003	3.0292667315272836e-6
2.314	3.028498573662995e-6
2.3160000000000003	3.0277286799643193e-6
2.318	3.0269570488409708e-6
2.3200000000000003	3.0261856772546477e-6
2.322	3.0254105022884732e-6
2.3240000000000003	3.0246355837077323e-6
2.326	3.0238588563906556e-6
2.328	3.0230803187749393e-6
2.33	3.022302032857585e-6
2.332	3.0215198026546796e-6
2.334	3.02073782105028e-6
2.336	3.0199539548327985e-6
2.338	3.0191682024635937e-6
2.34	3.0183826940767855e-6
2.342	3.017593094287385e-6
2.344	3.016803735423203e-6
2.346	3.0160124129544936e-6
2.348	3.015219125361516e-6
2.35	3.014426074134326e-6
2.352	3.0136287779161143e-6
2.354	3.012831715039142e-6
2.356	3.0120326063079338e-6
2.358	3.0112314502163216e-6
2.36	3.0104305229472073e-6
2.362	3.0096251903621918e-6
2.364	3.0088200835964014e-6
2.366	3.008012845320746e-6
2.368	3.007203474036558e-6
2.37	3.0063943240753075e-6
2.372	3.0055806014665617e-6
2.374	3.0047670971856925e-6
2.376	3.0039513721810327e-6
2.378	3.0031334249543565e-6
2.38	3.0023156915605413e-6
2.382	3.00149321090504e-6
2.384	3.0006709410802215e-6
2.386	2.9998463576013794e-6
2.388	2.999019458962373e-6
2.39	2.9981927666352236e-6
2.392	2.997361144867395e-6
2.394	2.9965297263838123e-6
2.396	2.9956958974346836e-6
2.398	2.994859656495871e-6
2.4	2.9940236142684027e-6
2.402	2.993188386500631e-6
2.404	2.9923533358745486e-6
2.406	2.9915157555046624e-6
2.408	2.9906756439186926e-6
2.41	2.9898357050569545e-6
2.412	2.9889904303674542e-6
2.414	2.988145325413407e-6
2.416	2.987297586014353e-6
2.418	2.9864472106496208e-6
2.42	2.985597000457534e-6
2.422	2.984741248184084e-6
2.424	2.9838856579790984e-6
2.426	2.9830273241733115e-6
2.428	2.9821662451778073e-6
2.43	2.981305323482983e-6
2.432	2.980438644646942e-6
2.434	2.9795721198466492e-6
2.436	2.9787027376113562e-6
2.438	2.9778304962578887e-6
2.44	2.9769584038892745e-6
2.442	2.9760803301597345e-6
2.444	2.9752024019292917e-6
2.446	2.974321497495084e-6
2.448	2.973437615044831e-6
2.45	2.9725538726549344e-6
2.452	2.9716639151339412e-6
2.454	2.9707740938852366e-6
2.456	2.9698811724256205e-6
2.458	2.96898514876583e-6
2.46	2.968089255407857e-6
2.462	2.9671869031510855e-6
2.464	2.9662846769923133e-6
2.466	2.9653792210011028e-6
2.468	2.9644705329436154e-6
2.47	2.963561964278733e-6
2.472	2.9626466824142257e-6
2.474	2.9617315151601642e-6
2.476	2.960812982349163e-6
2.478	2.959891081404374e-6
2.48	2.9589692873336527e-6
2.482	2.958040514398897e-6
2.484	2.957111842740755e-6
2.486	2.9561796630318893e-6
2.488	2.9552439722036987e-6
2.49	2.954308373437141e-6
2.492	2.953365518319411e-6
2.494	2.9524227484706698e-6
2.496	2.9514763203242024e-6
2.498	2.9505262300853403e-6
2.5	2.949576213716305e-6
2.5020000000000002	2.948618014157188e-6
2.504	2.947659890075444e-6
2.5060000000000002	2.946697958461711e-6
2.508	2.94573221449735e-6
2.5100000000000002	2.9447665315284105e-6
2.512	2.943793004991815e-6
2.5140000000000002	2.942819528270464e-6
2.516	2.9418420732619343e-6
2.5180000000000002	2.940860633389176e-6
2.52	2.939879223550737e-6
2.5220000000000002	2.9388896449631998e-6
2.524	2.9379000806265614e-6
2.5260000000000002	2.936906351163223e-6
2.528	2.9359084469321615e-6
2.5300000000000002	2.9349105279228625e-6
2.532	2.933904089244891e-6
2.5340000000000003	2.9328976116040436e-6
2.536	2.9318867568618917e-6
2.5380000000000003	2.9308715094763142e-6
2.54	2.929856176238097e-6
2.5420000000000003	2.928831931916004e-6
2.544	2.9278075602396684e-6
2.5460000000000003	2.9267785532684752e-6
2.548	2.9257448822670095e-6
2.5500000000000003	2.924710996880832e-6
2.552	2.923667729945481e-6
2.5540000000000003	2.9226241639765124e-6
2.556	2.921575597452444e-6
2.5580000000000003	2.9205219639524644e-6
2.56	2.919467828335855e-6
2.5620000000000003	2.9184036264992443e-6
2.564	2.917338687109044e-6
2.5660000000000003	2.9162680189123203e-6
2.568	2.915191380689265e-6
2.5700000000000003	2.9141132406428844e-6
2.572	2.9130232608426745e-6
2.5740000000000003	2.9119303460669526e-6
2.576	2.9108277509438224e-6
2.5780000000000003	2.909710937089626e-6
2.58	2.908537016968479e-6
2.582	2.9081337905654963e-6
2.584	2.9070715198583982e-6
2.586	2.905998752167903e-6
2.588	2.904918071400837e-6
2.59	2.9038356517837307e-6
2.592	2.90274149080247e-6
2.594	2.901646417736424e-6
2.596	2.9005452818398627e-6
2.598	2.8994382240034795e-6
2.6	2.8983306999952395e-6
2.602	2.897207771320568e-6
2.604	2.8960845262808402e-6
2.606	2.894955471638923e-6
2.608	2.8938206467894757e-6
2.61	2.8926856259731186e-6
2.612	2.8915391606117627e-6
2.614	2.890392549654985e-6
2.616	2.8892400775734407e-6
2.618	2.8880817614676695e-6
2.62	2.8869233515518563e-6
2.622	2.8857531931601438e-6
2.624	2.8845829655631924e-6
2.626	2.883406745460173e-6
2.628	2.882224541994217e-6
2.63	2.881042296909017e-6
2.632	2.8798479489267216e-6
2.634	2.8786535733830797e-6
2.636	2.877453040134652e-6
2.638	2.8762463546934103e-6
2.64	2.8750396582906175e-6
2.642	2.8738204772843866e-6
2.644	2.87260129415174e-6
2.646	2.871375769704473e-6
2.648	2.8701439075291194e-6
2.65	2.8689120540173253e-6
2.652	2.867667316175631e-6
2.654	2.8664225929081968e-6
2.656	2.865171332907824e-6
2.658	2.863913538630969e-6
2.66	2.862655766313834e-6
2.662	2.8613846964483564e-6
2.664	2.860113652669976e-6
2.666	2.8588358682986877e-6
2.668	2.8575513450772896e-6
2.67	2.8562668531806353e-6
2.672	2.854968639852129e-6
2.674	2.853670460814438e-6
2.676	2.8523653308558305e-6
2.678	2.8510532512429134e-6
2.68	2.8497412097262857e-6
2.682	2.8484150139293767e-6
2.684	2.8470888584030927e-6
2.686	2.845755536476452e-6
2.688	2.8444150490843853e-6
2.69	2.8430746047713833e-6
2.692	2.8417195658524937e-6
2.694	2.8403645716256256e-6
2.696	2.8390021913484946e-6
2.698	2.8376324257170006e-6
2.7	2.8362627068676606e-6
2.702	2.8348779468615253e-6
2.704	2.8334932348400427e-6
2.706	2.8321009137549564e-6
2.708	2.83070098412506e-6
2.71	2.8293011040378907e-6
2.712	2.8278857311908413e-6
2.714	2.826470408781285e-6
2.716	2.8250472516494892e-6
2.718	2.8236162601800077e-6
2.72	2.8221853203028913e-6
2.722	2.820738432165719e-6
2.724	2.8192915962801268e-6
2.726	2.8178366980455046e-6
2.728	2.8163737377427176e-6
2.73	2.814910830534991e-6
2.732	2.8134315168422794e-6
2.734	2.8119522567204036e-6
2.736	2.8104647053189462e-6
2.738	2.808968862837407e-6
2.74	2.8074730745258547e-6
2.742	2.805960419990553e-6
2.744	2.8044478199560665e-6
2.746	2.8029266990766114e-6
2.748	2.8013970574869772e-6
2.75	2.799867470803037e-6
2.7520000000000002	2.798320557905328e-6
2.754	2.796773700128206e-6
2.7560000000000002	2.79521809199011e-6
2.758	2.793653733573798e-6
2.7600000000000002	2.7920894305267286e-6
2.762	2.790507342346802e-6
2.7640000000000002	2.7889253096573186e-6
2.766	2.787334297846512e-6
2.7680000000000002	2.785734306954895e-6
2.77	2.784134371675575e-6
2.7720000000000002	2.782516194801485e-6
2.774	2.7808980735845277e-6
2.7760000000000002	2.7792707459739078e-6
2.778	2.777634211975583e-6
2.7800000000000002	2.7759977336524923e-6
2.782	2.77434256118223e-6
2.7840000000000003	2.7726874443693393e-6
2.786	2.771022896139153e-6
2.7880000000000003	2.7693489164691604e-6
2.79	2.7676749923892067e-6
2.7920000000000003	2.7659819270376727e-6
2.794	2.764288917206542e-6
2.7960000000000003	2.762586253973007e-6
2.798	2.7608739372909943e-6
2.8000000000000003	2.7591616759913167e-6
2.802	2.757429508709521e-6
2.8040000000000003	2.7556973975530887e-6
2.806	2.7539554157190077e-6
2.8080000000000003	2.75220356313857e-6
2.81	2.7504517664775025e-6
2.8120000000000003	2.748679957817955e-6
2.814	2.746908204923389e-6
2.8160000000000003	2.7451263679121327e-6
2.818	2.7433344466992107e-6
2.8200000000000003	2.741542580996447e-6
2.822	2.7397302821819513e-6
2.8240000000000003	2.7379180386934905e-6
2.826	2.7360955032259463e-6
2.8280000000000003	2.734262675680756e-6
2.83	2.7324299031659986e-6
2.8320000000000003	2.7305762885403644e-6
2.834	2.7287227287361903e-6
2.836	2.7268586755629654e-6
2.838	2.7249841289107694e-6
2.84	2.723109636750345e-6
2.842	2.7212139073797236e-6
2.844	2.719318232271483e-6
2.846	2.7174118697928794e-6
2.848	2.715494819824493e-6
2.85	2.7135778237602903e-6
2.852	2.711639211171895e-6
2.854	2.7097006522405763e-6
2.856	2.7077512202577058e-6
2.858	2.705790915095939e-6
2.86	2.703830663209278e-6
2.862	2.7018484330926514e-6
2.864	2.6998662559895613e-6
2.866	2.6978730294183343e-6
2.868	2.6958687532450364e-6
2.87	2.6938645296835134e-6
2.872	2.6918379856997304e-6
2.874	2.6898114940541373e-6
2.876	2.6877737867395567e-6
2.878	2.6857248636165875e-6
2.88	2.683675992413648e-6
2.882	2.6816044800090705e-6
2.884	2.679533019241007e-6
2.886	2.6774501877715725e-6
2.888	2.675355985456868e-6
2.89	2.673261834347008e-6
2.892	2.67114474456682e-6
2.894	2.6690277056998167e-6
2.896	2.666899153216017e-6
2.898	2.664759086967845e-6
2.9	2.6626190711901635e-6
2.902	2.6604558444679392e-6
2.904	2.6582926679179324e-6
2.906	2.656117847890608e-6
2.908	2.653931384235428e-6
2.91	2.6517449703008744e-6
2.912	2.649535100198787e-6
2.914	2.647325279513762e-6
2.916	2.6451036994665532e-6
2.918	2.6428703599042723e-6
2.92	2.6406370693004086e-6
2.922	2.6383801061731836e-6
2.924	2.6361231916966588e-6
2.926	2.6338544168453106e-6
2.928	2.6315737814644307e-6
2.93	2.6292931942701405e-6
2.932	2.6269887488246504e-6
2.934	2.6246843512548685e-6
2.936	2.6223680080349952e-6
2.938	2.6200397190089613e-6
2.94	2.617711477390443e-6
2.942	2.615359224111818e-6
2.944	2.6130070179275186e-6
2.946	2.61064279738152e-6
2.948	2.6082665623167934e-6
2.95	2.605890373875312e-6
2.952	2.6034900542897605e-6
2.954	2.601089781012703e-6
2.956	2.5986774420058783e-6
2.958	2.5962530371116426e-6
2.96	2.593828678052981e-6
2.962	2.5913801037970883e-6
2.964	2.588931575061102e-6
2.966	2.586470947296698e-6
2.968	2.583998220345922e-6
2.97	2.5815255384412007e-6
2.972	2.579028594107431e-6
2.974	2.5765316945037e-6
2.976	2.574022681306664e-6
2.978	2.5715015543583214e-6
2.98	2.5689804716660253e-6
2.982	2.5664351173944322e-6
2.984	2.5638898070630172e-6
2.986	2.5613323879025913e-6
2.988	2.55876285975534e-6
2.99	2.5561933750748235e-6
2.992	2.5535996488616616e-6
2.994	2.551005965799944e-6
2.996	2.5484001985220384e-6
2.998	2.545782346870514e-6
3.	2.543164537898147e-6
3.0020000000000002	2.488949153078702e-6
3.004	2.4863464187175706e-6
3.0060000000000002	2.4837315717855243e-6
3.008	2.4811046123522667e-6
3.0100000000000002	2.4784776220128194e-6
3.012	2.4758264989024842e-6
3.0140000000000002	2.4731753450210303e-6
3.016	2.470512145221546e-6
3.0180000000000002	2.467836899569467e-6
3.02	2.4651616233425994e-6
3.0220000000000002	2.4624623681227355e-6
3.024	2.4597630824550293e-6
3.0260000000000002	2.457051838382074e-6
3.028	2.454328635965324e-6
3.0300000000000002	2.451605403285103e-6
3.032	2.4488583873186757e-6
3.0340000000000003	2.4461113412079e-6
3.036	2.443352445216998e-6
3.0380000000000003	2.440581699403697e-6
3.04	2.4378109236192464e-6
3.0420000000000003	2.435016602368362e-6
3.044	2.4322222512582478e-6
3.0460000000000003	2.429416179853578e-6
3.048	2.426598388208596e-6
3.0500000000000003	2.423780566867122e-6
3.052	2.420939479984716e-6
3.0540000000000003	2.418098363510988e-6
3.056	2.4152456773284427e-6
3.0580000000000003	2.4123814214880564e-6
3.06	2.4095171362092865e-6
3.0620000000000003	2.40662990718872e-6
3.064	2.403742648828612e-6
3.0660000000000003	2.400843992174345e-6
3.068	2.397933937273833e-6
3.0700000000000003	2.3950238531775194e-6
3.072	2.3920911885563187e-6
3.0740000000000003	2.3891584948322195e-6
3.076	2.3862145947736544e-6
3.0780000000000003	2.3832594884256545e-6
3.08	2.380304353109865e-6
3.0820000000000003	2.3773270412218653e-6
3.084	2.374349700453399e-6
3.0860000000000003	2.371361365458009e-6
3.088	2.3683620362780263e-6
3.0900000000000003	2.3653626783445677e-6
3.092	2.3623415876190316e-6
3.094	2.359320468222096e-6
3.096	2.3562885863436265e-6
3.098	2.3532459420234075e-6
3.1	2.3502032691511474e-6
3.102	2.3471393459617956e-6
3.104	2.3440753942975386e-6
3.106	2.3410009309137447e-6
3.108	2.337915955847802e-6
3.11	2.3348309524191247e-6
3.112	2.3317252184906496e-6
3.114	2.3286194562719263e-6
3.116	2.3255034513825513e-6
3.118	2.322377203857655e-6
3.12	2.319250928147906e-6
3.122	2.316104477532133e-6
3.124	2.3129579987996084e-6
3.126	2.309801563897922e-6
3.128	2.306635172860075e-6
3.13	2.3034687538044866e-6
3.132	2.300282749442983e-6
3.134	2.297096717127705e-6
3.136	2.29390103166356e-6
3.138	2.290695693081541e-6
3.14	2.2874903266387306e-6
3.142	2.2842659965332375e-6
3.144	2.2810416386270143e-6
3.146	2.277807946083897e-6
3.148	2.2745649189329803e-6
3.15	2.271321864068626e-6
3.152	2.2680604970850808e-6
3.154	2.264799102444475e-6
3.156	2.2615287060573975e-6
3.158	2.2582493079511554e-6
3.16	2.254969882269767e-6
3.162	2.251672823605937e-6
3.164	2.248375737419853e-6
3.166	2.2450699955651086e-6
3.168	2.2417555980673153e-6
3.17	2.2384411731241e-6
3.172	2.2351098194747477e-6
3.174	2.23177843842957e-6
3.176	2.2284387597211903e-6
3.178	2.2250907833736176e-6
3.18	2.2217427797022417e-6
3.182	2.21837857415939e-6
3.184	2.215014341339212e-6
3.186	2.2116421794705365e-6
3.188	2.2082620885758526e-6
3.19	2.204881970471317e-6
3.192	2.2014863972003687e-6
3.194	2.198090796763094e-6
3.196	2.1946876451349255e-6
3.198	2.1912769423369168e-6
3.2	2.1878662124357456e-6
3.202	2.184440791169073e-6
3.204	2.181015342840006e-6
3.206	2.1775827290176467e-6
3.208	2.1741429497216855e-6
3.21	2.1707031434224114e-6
3.212	2.167249423826264e-6
3.214	2.163795677264883e-6
3.216	2.1603351573199885e-6
3.218	2.156867864009984e-6
3.22	2.1534005437899543e-6
3.222	2.1499200997319043e-6
3.224	2.1464396287993955e-6
3.226	2.14295278156503e-6
3.228	2.1394595580459855e-6
3.23	2.1359663077040244e-6
3.232	2.132460731490735e-6
3.234	2.128955128487713e-6
3.236	2.1254435497957725e-6
3.238	2.1219259954309356e-6
3.24	2.118408414324423e-6
3.242	2.114879310948736e-6
3.244	2.1113501808622973e-6
3.246	2.107815477802804e-6
3.248	2.104275201785173e-6
3.25	2.100734899101547e-6
3.2520000000000002	2.0971838805508814e-6
3.254	2.0936328353629985e-6
3.2560000000000002	2.0900766206171215e-6
3.258	2.0865152363271246e-6
3.2600000000000002	2.0829538254415277e-6
3.262	2.0793825051171403e-6
3.2640000000000002	2.0758111582238925e-6
3.266	2.0722350445200735e-6
3.2680000000000002	2.068654164018562e-6
3.27	2.0650732569868293e-6
3.2720000000000002	2.061483244282613e-6
3.274	2.05789320507298e-6
3.2760000000000002	2.054298799814556e-6
3.278	2.0507000285192784e-6
3.2800000000000002	2.04710123075439e-6
3.282	2.0434941258427095e-6
3.2840000000000003	2.0398869944843823e-6
3.286	2.036275894595818e-6
3.2880000000000003	2.032660826188053e-6
3.29	2.0290457313667597e-6
3.2920000000000003	2.025423120237142e-6
3.294	2.0218004827152085e-6
3.2960000000000003	2.0181742697522946e-6
3.298	2.0145444813585874e-6
3.3000000000000003	2.010914666603121e-6
3.302	2.0072781163977544e-6
3.3040000000000003	2.00364153985018e-6
3.306	2.0000017754176335e-6
3.3080000000000003	1.996358823109489e-6
3.31	1.992715844487262e-6
3.3120000000000003	1.9890668991751017e-6
3.314	1.9854179275668264e-6
3.3160000000000003	1.981766149084534e-6
3.318	1.9781115637368266e-6
3.3200000000000003	1.9744569521188116e-6
3.322	1.9707971285479172e-6
3.3240000000000003	1.967137278723177e-6
3.326	1.963474995580171e-6
3.3280000000000003	1.9598102791267665e-6
3.33	1.9561455364431213e-6
3.3320000000000003	1.9524763208086975e-6
3.334	1.94880707895906e-6
3.3360000000000003	1.945135769092212e-6
3.338	1.9414623912153234e-6
3.3400000000000003	1.9377889871447235e-6
3.342	1.934111831908498e-6
3.3440000000000003	1.9304346504922243e-6
3.346	1.9267557574248826e-6
3.3480000000000003	1.9230751527129742e-6
3.35	1.9193945218405245e-6
3.352	1.9157108431356343e-6
3.354	1.9120271382825647e-6
3.356	1.9083420686571194e-6
3.358	1.9046556342651664e-6
3.36	1.9009691737426342e-6
3.362	1.8972803492976457e-6
3.364	1.8935914987332015e-6
3.366	1.8899016203712256e-6
3.368	1.8862107142169827e-6
3.37	1.8825197819590696e-6
3.372	1.8788271495752402e-6
3.374	1.8751344910976812e-6
3.376	1.87144113162222e-6
3.378	1.8677470711535411e-6
3.38	1.8640529846051902e-6
3.382	1.8603578412226564e-6
3.384	1.856662671769279e-6
3.386	1.852967117825981e-6
3.388	1.8492711793968995e-6
3.39	1.8455752149093778e-6
3.392	1.8418788163072643e-6
3.394	1.8381823916544484e-6
3.396	1.834485888778231e-6
3.398	1.8307893076822198e-6
3.4	1.8270927005463393e-6
3.402	1.8233962617185282e-6
3.404	1.8196997968575612e-6
3.406	1.8160035500298664e-6
3.408	1.8123075212385548e-6
3.41	1.808611466423415e-6
3.412	1.8049161627012326e-6
3.414	1.8012208329609553e-6
3.416	1.7975260079333604e-6
3.418	1.7938316876210754e-6
3.42	1.7901373412985934e-6
3.422	1.7864443103012748e-6
3.424	1.7827512532985584e-6
3.426	1.7790589787713092e-6
3.428	1.7753674867217023e-6
3.43	1.7716759686732216e-6
3.432	1.7679863132059663e-6
3.434	1.7642966317437448e-6
3.436	1.7606080025308268e-6
3.438	1.756920425568948e-6
3.44	1.7532328226173204e-6
3.442	1.7495476146892676e-6
3.444	1.7458623807745223e-6
3.446	1.7421784621463665e-6
3.448	1.7384958588061227e-6
3.45	1.7348132294831507e-6
3.452	1.7311335157028582e-6
3.454	1.7274537759420774e-6
3.456	1.723775609433937e-6
3.458	1.7200990161793606e-6
3.46	1.7164223969470664e-6
3.462	1.7127492056923088e-6
3.464	1.7090759884612948e-6
3.466	1.7054045995950096e-6
3.468	1.7017350390939973e-6
3.47	1.6980654526183522e-6
3.472	1.6943998036124574e-6
3.474	1.6907341286326454e-6
3.476	1.6870705372725844e-6
3.478	1.6834090295324505e-6
3.48	1.679747495818933e-6
3.482	1.6760904131610057e-6
3.484	1.672433304529696e-6
3.486	1.6687785390824074e-6
3.488	1.6651261168189689e-6
3.49	1.6614736685816318e-6
3.492	1.6578261990513225e-6
3.494	1.6541787035464306e-6
3.496	1.6505338211408975e-6
3.498	1.6468915518342148e-6
3.5	1.6432492565514324e-6
3.5020000000000002	1.639612262661463e-6
3.504	1.6359752437635097e-6
3.5060000000000002	1.6323411284897417e-6
3.508	1.6287099168363766e-6
3.5100000000000002	1.6250786801636695e-6
3.512	1.621453588941282e-6
3.5140000000000002	1.617828472691692e-6
3.516	1.614206584739401e-6
3.5180000000000002	1.6105879250803347e-6
3.52	1.6069692403818552e-6
3.5220000000000002	1.6033574045609347e-6
3.524	1.5997455436921829e-6
3.5260000000000002	1.596137299802464e-6
3.528	1.5925326728874361e-6
3.5300000000000002	1.5889280209115463e-6
3.532	1.5853310990352996e-6
3.5340000000000003	1.5817341520892409e-6
3.536	1.578141338494926e-6
3.5380000000000003	1.5745526582477503e-6
3.54	1.570963952916957e-6
3.5420000000000003	1.5673842447124985e-6
3.544	1.5638045114149673e-6
3.5460000000000003	1.5602297428917612e-6
3.548	1.5566599391380318e-6
3.5500000000000003	1.553090110276679e-6
3.552	1.5495317210699617e-6
3.5540000000000003	1.5459733067456834e-6
3.556	1.5424221741205118e-6
3.5580000000000003	1.5388783231893606e-6
3.56	1.5353344471253933e-6
3.5620000000000003	1.5318122502549445e-6
3.564	1.5282900282412863e-6
3.5660000000000003	1.5247709496861172e-6
3.568	1.5212550145841281e-6
3.5700000000000003	1.5177390543229964e-6
3.572	1.514227421035191e-6
3.5740000000000003	1.5107157625774041e-6
3.576	1.5072062997585966e-6
3.5780000000000003	1.5036990325732403e-6
3.58	1.500191740201328e-6
3.5820000000000003	1.4966889523790766e-6
3.584	1.4931861393590096e-6
3.5860000000000003	1.4896856094956897e-6
3.588	1.4861873627833868e-6
3.5900000000000003	1.4826890908560738e-6
3.592	1.4791954965169867e-6
3.5940000000000003	1.4757018769512292e-6
3.596	1.472210626278642e-6
3.5980000000000003	1.4687217444932969e-6
3.6	1.4652328374634994e-6
3.6020000000000003	1.461748778474491e-6
3.604	1.4582646942289843e-6
3.606	1.4547830638063708e-6
3.608	1.4513038872005342e-6
3.61	1.4478246853198509e-6
3.612	1.4443505012897787e-6
3.614	1.4408762919724454e-6
3.616	1.437404621567861e-6
3.618	1.433935490069731e-6
3.62	1.4304663332654483e-6
3.622	1.4270023653990085e-6
3.624	1.4235383722136468e-6
3.626	1.4200770041423201e-6
3.628	1.4166182611785556e-6
3.63	1.4131594928764615e-6
3.632	1.4097060877573144e-6
3.634	1.4062526572867292e-6
3.636	1.402801940169642e-6
3.638	1.3993539363994176e-6
3.64	1.395905907257843e-6
3.642	1.3924634205232225e-6
3.644	1.3890209084038168e-6
3.646	1.3855812008067956e-6
3.648	1.38214429772536e-6
3.65	1.378707369238749e-6
3.652	1.3752761690988822e-6
3.654	1.371844943540089e-6
3.656	1.3684166174436588e-6
3.658	1.3649911908026409e-6
3.66	1.3615657387218392e-6
3.662	1.3581462092638357e-6
3.664	1.354726654351994e-6
3.666	1.3513100983869847e-6
3.668	1.3478965413617048e-6
3.67	1.3444829588612837e-6
3.672	1.3410755030561965e-6
3.674	1.3376680217616203e-6
3.676	1.3342636441220703e-6
3.678	1.3308623701303026e-6
3.68	1.3274610706273056e-6
3.682	1.3240661129270882e-6
3.684	1.3206711297010086e-6
3.686	1.3172793606100886e-6
3.688	1.3138908056469399e-6
3.69	1.310502225135773e-6
3.692	1.3071202134974117e-6
3.694	1.3037381762961228e-6
3.696	1.300359469845261e-6
3.698	1.296984094137306e-6
3.7	1.2936086928438546e-6
3.702	1.2902400999409194e-6
3.704	1.286871481437311e-6
3.706	1.2835063165317507e-6
3.708	1.2801446052165829e-6
3.71	1.2767828682777795e-6
3.712	1.2734281915371966e-6
3.714	1.2700734891575392e-6
3.716	1.2667223691626375e-6
3.718	1.2633748315447086e-6
3.72	1.2600272682643527e-6
3.722	1.2566870281678956e-6
3.724	1.253346762393316e-6
3.726	1.2500102128493185e-6
3.728	1.2466773795279906e-6
3.73	1.2433445205048119e-6
3.732	1.2400192562649872e-6
3.734	1.2366939663073674e-6
3.736	1.2333725297005455e-6
3.738	1.2300549464364896e-6
3.74	1.2267373374305355e-6
3.742	1.2234275985855824e-6
3.744	1.2201178339825434e-6
3.746	1.216812059903561e-6
3.748	1.213510276340478e-6
3.75	1.2102084669948439e-6
3.7520000000000002	1.2069147984654812e-6
3.754	1.2036211041371354e-6
3.7560000000000002	1.2003315319784502e-6
3.758	1.1970460819811514e-6
3.7600000000000002	1.1937606061600428e-6
3.762	1.1904835224521288e-6
3.7640000000000002	1.1872064129037348e-6
3.766	1.1839335420311923e-6
3.7680000000000002	1.1806649098261064e-6
3.77	1.1773962517553598e-6
3.7720000000000002	1.1741361923792187e-6
3.774	1.1708761071205122e-6
3.7760000000000002	1.1676203450691783e-6
3.778	1.164368906216708e-6
3.7800000000000002	1.1611174414561375e-6
3.782	1.157874692145234e-6
3.7840000000000003	1.1546319169090913e-6
3.786	1.1513934868737515e-6
3.7880000000000003	1.1481594020305857e-6
3.79	1.1449252912362993e-6
3.7920000000000003	1.1416998388318914e-6
3.794	1.1384743604589914e-6
3.7960000000000003	1.135253128065152e-6
3.798	1.132036141641631e-6
3.8000000000000003	1.1288191292233854e-6
3.802	1.125610377006968e-6
3.8040000000000003	1.122401598778222e-6
3.806	1.1191967238969449e-6
3.8080000000000003	1.1159957523542762e-6
3.81	1.112794754772701e-6
3.8120000000000003	1.1096009104921397e-6
3.814	1.1064070401548366e-6
3.8160000000000003	1.1032162005899324e-6
3.818	1.1000283917884522e-6
3.8200000000000003	1.0968405569033007e-6
3.822	1.0936571254589036e-6
3.8240000000000003	1.090473667912767e-6
3.826	1.0872910323056758e-6
3.8280000000000003	1.0841092186285356e-6
3.83	1.0809273788223808e-6
3.8320000000000003	1.0777425466910265e-6
3.834	1.0745576884123542e-6
3.8360000000000003	1.0713669966977685e-6
3.838	1.0681704715380605e-6
3.8400000000000003	1.0649739202034027e-6
3.842	1.0617471428340327e-6
3.8440000000000003	1.058520339271175e-6
3.846	1.0552512798591113e-6
3.8480000000000003	1.051939964588512e-6
3.85	1.0486286230964395e-6
3.8520000000000003	1.0448331100311234e-6
3.854	1.0410375707255565e-6
3.8560000000000003	1.037765408281436e-6
3.858	1.0350166226893154e-6
3.86	1.0322678108285951e-6
3.862	1.029540675445613e-6
3.864	1.026813513775013e-6
3.866	1.0240908780541377e-6
3.868	1.0213727682734173e-6
3.87	1.018654632176364e-6
3.872	1.0159473877268647e-6
3.874	1.013240116941767e-6
3.876	1.010539962926842e-6
3.878	1.0078469256723942e-6
3.88	1.005153862053262e-6
3.882	1.0024699540173805e-6
3.884	9.997860195972988e-7
3.886	9.971066056431425e-7
3.888	9.94431712145091e-7
3.89	9.917567922333721e-7
3.892	9.890916699137621e-7
3.894	9.864265211607111e-7
3.896	9.837666432928915e-7
3.898	9.8111203630035e-7
3.9	9.784574028445138e-7
3.902	9.758141528354935e-7
3.904	9.731708763431427e-7
3.906	9.705337107563987e-7
3.908	9.679026560651775e-7
3.91	9.652715748603721e-7
3.912	9.626536622976842e-7
3.914	9.600357232011077e-7
3.916	9.574248465562667e-7
3.918	9.5482103235294e-7
3.92	9.522171915850643e-7
3.922	9.49628555855686e-7
3.924	9.470398935411796e-7
3.926	9.444593876848638e-7
3.928	9.418870382763797e-7
3.93	9.393146622516841e-7
3.932	9.367598533854003e-7
3.934	9.342050178820405e-7
3.936	9.316596206694329e-7
3.938	9.291236617370711e-7
3.94	9.265876761361189e-7
3.942	9.240720573439891e-7
3.944	9.215564118621105e-7
3.946	9.190517441668429e-7
3.948	9.165580542475336e-7
3.95	9.140643376065128e-7
3.952	9.115944021915128e-7
3.954	9.091244400333401e-7
3.956	9.066673673200457e-7
3.958	9.042231840408201e-7
3.96	9.01778973985999e-7
3.962	8.993628765364171e-7
3.964	8.969467522894655e-7
3.966	8.945460057669121e-7
3.968	8.921606369577908e-7
3.97	8.897752413183962e-7
3.972	8.874237769865914e-7
3.974	8.85072285802415e-7
3.976	8.827396502060336e-7
3.978	8.804258701863134e-7
3.98	8.781120632808259e-7
3.982	8.758407481753471e-7
3.984	8.735694061616656e-7
3.986	8.713224021249896e-7
3.988	8.690997360540161e-7
3.99	8.668770430409272e-7
3.992	8.647117352684609e-7
3.994	8.625464005310951e-7
3.996	8.604165426988658e-7
3.998	8.583221617602906e-7
4.	8.562277538223709e-7
4.002	8.535861187668702e-7
4.004	8.515910736724438e-7
4.006	8.496874813460422e-7
4.008	8.478753417809026e-7
4.01	8.460631727096528e-7
4.012	8.442964863552082e-7
4.014	8.425297704809075e-7
4.016	8.407592287263846e-7
4.018	8.38984861084655e-7
4.02	8.372104639021174e-7
4.021999999999999	8.354284160554243e-7
4.024	8.33646338653728e-7
4.026	8.318604075923699e-7
4.028	8.300706228641367e-7
4.029999999999999	8.282808085592618e-7
4.032	8.264832908690031e-7
4.034	8.246857435874419e-7
4.036	8.228843178149274e-7
4.037999999999999	8.210790135440087e-7
4.04	8.192736796594313e-7
4.042	8.174605961708003e-7
4.044	8.156474830533626e-7
4.045999999999999	8.138304701873154e-7
4.048	8.120095575649583e-7
4.05	8.101886152906954e-7
4.052	8.083598850316485e-7
4.053999999999999	8.065311251050385e-7
4.056	8.046984484584773e-7
4.058	8.028618550840079e-7
4.06	8.010252320180984e-7
4.061999999999999	7.991807919461485e-7
4.064	7.973363221665731e-7
4.066	7.954879237941011e-7
4.068	7.936355968205032e-7
4.069999999999999	7.917832401145941e-7
4.072	7.89923048474832e-7
4.074	7.880628270860236e-7
4.076	7.861986712554295e-7
4.077999999999999	7.843305809745393e-7
4.08	7.824624609190703e-7
4.082	7.805865010724505e-7
4.084	7.787105114339413e-7
4.085999999999999	7.768305885846358e-7
4.088	7.749467325157298e-7
4.09	7.730628466285228e-7
4.092	7.711711314194012e-7
4.093999999999999	7.692793863740664e-7
4.096	7.673837176342084e-7
4.098	7.654841251907183e-7
4.1	7.635845028836827e-7
4.101999999999999	7.616770796276408e-7
4.104	7.597696264895154e-7
4.106	7.578582688363266e-7
4.108	7.55943006658643e-7
4.109999999999999	7.540277145705846e-7
4.112	7.521046707582759e-7
4.114	7.501815970164017e-7
4.116	7.482546491796411e-7
4.117999999999999	7.463238272382292e-7
4.119999999999999	7.443929753379556e-7
4.122	7.424544451682759e-7
4.124	7.405158850198603e-7
4.1259999999999994	7.385734942469746e-7
4.127999999999999	7.366272728395039e-7
4.13	7.346810214229532e-7
4.132	7.327271933012108e-7
4.1339999999999995	7.307733351497996e-7
4.135999999999999	7.288157049748612e-7
4.138	7.268543027659153e-7
4.14	7.24892870495864e-7
4.1419999999999995	7.229239956595999e-7
4.143999999999999	7.209550907408936e-7
4.146	7.189824899280236e-7
4.148	7.170061932101304e-7
4.1499999999999995	7.150298663772119e-7
4.151999999999999	7.130462688465694e-7
4.154	7.110626411787836e-7
4.156	7.090754140470931e-7
4.1579999999999995	7.070845874402367e-7
4.159999999999999	7.05093730662457e-7
4.162	7.030958187550848e-7
4.164	7.010978766538563e-7
4.1659999999999995	6.99096455036792e-7
4.167999999999999	6.970915538922141e-7
4.17	6.950866225187432e-7
4.172	6.930749022242613e-7
4.1739999999999995	6.91063151677098e-7
4.175999999999999	6.890480688278194e-7
4.178	6.87029653664308e-7
4.18	6.850112082117684e-7
4.1819999999999995	6.829862987918024e-7
4.183999999999999	6.809613590581224e-7
4.186	6.789332658885217e-7
4.188	6.769020192704275e-7
4.1899999999999995	6.748707423008964e-7
4.191999999999999	6.72833394573463e-7
4.194	6.707960164689685e-7
4.196	6.687557006096076e-7
4.1979999999999995	6.667124469823248e-7
4.199999999999999	6.646691629388177e-7
4.202	6.626202808285936e-7
4.204	6.605713682755397e-7
4.2059999999999995	6.585197765761467e-7
4.207999999999999	6.564655057168568e-7
4.21	6.544112043740599e-7
4.212	6.523518704750093e-7
4.2139999999999995	6.502925060648148e-7
4.215999999999999	6.482307713336309e-7
4.218	6.461666662673704e-7
4.22	6.441025306477073e-7
4.2219999999999995	6.420340367697031e-7
4.223999999999999	6.399655123095751e-7
4.226	6.378949853348386e-7
4.228	6.358224558308548e-7
4.2299999999999995	6.337498957008244e-7
4.231999999999999	6.3167377968497e-7
4.234	6.295976330132119e-7
4.236	6.275199212525204e-7
4.2379999999999995	6.254406443876721e-7
4.239999999999999	6.233613368212522e-7
4.242	6.212794273525834e-7
4.244	6.191974871512951e-7
4.2459999999999996	6.171145019631684e-7
4.247999999999999	6.150304717723691e-7
4.25	6.129464108014459e-7
4.252	6.10860882591865e-7
4.254	6.087753235698588e-7
4.255999999999999	6.066893385754882e-7
4.258	6.046029275922754e-7
4.26	6.025164857472087e-7
4.262	6.004299284200285e-7
4.263999999999999	5.983433401973736e-7
4.266	5.962570644306923e-7
4.268	5.941711011028345e-7
4.27	5.920851068280457e-7
4.271999999999999	5.900006123039085e-7
4.274	5.879160867978338e-7
4.276	5.858327579560198e-7
4.278	5.837506257606025e-7
4.279999999999999	5.816684625296611e-7
4.282	5.795897380387944e-7
4.284	5.775109824759406e-7
4.286	5.754344882288367e-7
4.287999999999999	5.733602552788723e-7
4.29	5.712859912010859e-7
4.292	5.692175088739073e-7
4.294	5.671489953809097e-7
4.295999999999999	5.650840351070914e-7
4.298	5.630226280330544e-7
4.3	5.609611897350028e-7
4.302	5.589083903136965e-7
4.303999999999999	5.568555596287589e-7
4.306	5.54807866651724e-7
4.308	5.527653113623654e-7
4.31	5.507227247486892e-7
4.311999999999999	5.486923049454787e-7
4.314	5.466618537766289e-7
4.316	5.446385124404341e-7
4.318	5.426222809157901e-7
4.319999999999999	5.406060179621953e-7
4.322	5.386063542668091e-7
4.324	5.36606659099355e-7
4.326	5.346165793730413e-7
4.327999999999999	5.326361150658413e-7
4.33	5.306556192204889e-7
4.332	5.286974300866037e-7
4.334	5.267392093695518e-7
4.335999999999999	5.24793883316894e-7
4.338	5.228614519056273e-7
4.34	5.209289888421882e-7
4.342	5.190264526780516e-7
4.343999999999999	5.171238848147225e-7
4.346	5.152387002817922e-7
4.348	5.133708990552317e-7
4.35	5.115030660573833e-7
4.351999999999999	5.096759271958863e-7
4.354	5.078487565139654e-7
4.356	5.060455809810048e-7
4.358	5.042664005718851e-7
4.359999999999999	5.024871882669824e-7
4.362	5.007654516285269e-7
4.364	4.99043683042916e-7
4.366	4.973570809565054e-7
4.367999999999999	4.957056453430256e-7
4.37	4.940541777035768e-7
4.372	4.924923165021943e-7
4.374	4.909304232211027e-7
4.3759999999999994	4.894305029921015e-7
4.377999999999999	4.879925557877028e-7
4.38	4.865545764211287e-7
4.382	4.853564532791621e-7
4.3839999999999995	4.84158297918774e-7
4.385999999999999	4.830395397679872e-7
4.388	4.820001787980243e-7
4.39	4.809607855233055e-7
4.3919999999999995	4.799075351314557e-7
4.393999999999999	4.788542523759479e-7
4.396	4.777932911420066e-7
4.398	4.7672465139948883e-7
4.3999999999999995	4.7565597920287846e-7
4.401999999999999	4.7457020340071195e-7
4.404	4.7348439508273594e-7
4.406	4.7238891708465247e-7
4.4079999999999995	4.7128376937486754e-7
4.409999999999999	4.701785890544912e-7
4.412	4.6905130298308374e-7
4.414	4.6792398423638294e-7
4.4159999999999995	4.667837625861099e-7
4.417999999999999	4.6563063799913323e-7
4.42	4.644774806374656e-7
4.422	4.6329355664280975e-7
4.4239999999999995	4.621095998055917e-7
4.425999999999999	4.6090667209758986e-7
4.428	4.5968477348403994e-7
4.43	4.584628419236308e-7
4.4319999999999995	4.5719209187650434e-7
4.433999999999999	4.559213088112793e-7
4.436	4.5461695377448885e-7
4.438	4.532790267296337e-7
4.4399999999999995	4.519410665571748e-7
4.441999999999999	4.505005257220927e-7
4.444	4.490599516845864e-7
4.446	4.475230063331013e-7
4.4479999999999995	4.4588968962929044e-7
4.449999999999999	4.44256339608011e-7
4.452	4.4183102131451803e-7
4.454	4.394056696249277e-7
4.4559999999999995	4.375560725940577e-7
4.457999999999999	4.36282230181596e-7
4.46	4.3500835425209346e-7
4.462	4.3426481721368336e-7
4.4639999999999995	4.3352124657554634e-7
4.465999999999999	4.3277006507034725e-7
4.468	4.320112726556796e-7
4.47	4.312524465140601e-7
4.4719999999999995	4.3047803419172246e-7
4.473999999999999	4.297035880554217e-7
4.476	4.289211253379951e-7
4.478	4.2813064599480406e-7
4.4799999999999995	4.2734013270372616e-7
4.481999999999999	4.265331910484247e-7
4.484	4.2572621535361166e-7
4.486	4.2491078554412894e-7
4.4879999999999995	4.240869015729547e-7
4.489999999999999	4.232629834211957e-7
4.492	4.224217275989227e-7
4.494	4.215804374995162e-7
4.4959999999999996	4.2073022030828583e-7
4.497999999999999	4.198710759756641e-7
4.5	4.19011897217198e-7
4.502	4.18134396573616e-7
4.504	4.17256861402377e-7
4.505999999999999	4.1636988653111303e-7
4.508	4.154734719075343e-7
4.51	4.145770225994238e-7
4.512	4.1366118326450135e-7
4.513999999999999	4.127453091376034e-7
4.516	4.118194382078488e-7
4.518	4.108835704200367e-7
4.52	4.099476676746361e-7
4.521999999999999	4.089912123297344e-7
4.524	4.0803472191377285e-7
4.526	4.0706762741693744e-7
4.528	4.060899287809068e-7
4.529999999999999	4.0511219489884375e-7
4.532	4.0411263910898495e-7
4.534	4.031130479531623e-7
4.536	4.0210218858854113e-7
4.537999999999999	4.010800609534548e-7
4.54	4.000578977673932e-7
4.542	3.9901252212552733e-7
4.544	3.9796711080582353e-7
4.545999999999999	3.9690970240571e-7
4.548	3.95840296859928e-7
4.55	3.9477085544052475e-7
4.552	3.936766725654959e-7
4.553999999999999	3.9258245368253776e-7
4.556	3.9147543470289977e-7
4.558	3.903556155574663e-7
4.56	3.892357601967425e-7
4.561999999999999	3.8808947535397266e-7
4.564	3.869431541536013e-7
4.566	3.8578314441455203e-7
4.568	3.8460944606355707e-7
4.569999999999999	3.834357111351454e-7
4.572	3.822336748822574e-7
4.574	3.8103160190102855e-7
4.576	3.798148528642448e-7
4.577999999999999	3.785834276941681e-7
4.58	3.773519655625211e-7
4.582	3.7609011632259e-7
4.584	3.748282299608808e-7
4.585999999999999	3.7355056428841566e-7
4.588	3.722571192226353e-7
4.59	3.7096363678738736e-7
4.592	3.696374305628264e-7
4.593999999999999	3.683111867985738e-7
4.596	3.669679241852352e-7
4.598	3.656076426350501e-7
4.6	3.642473232818699e-7
4.601999999999999	3.6285164675551573e-7
4.604	3.614559322451228e-7
4.606	3.600417974578861e-7
4.608	3.58609242300418e-7
4.609999999999999	3.571766488787325e-7
4.612	3.557057107720684e-7
4.614	3.542347342084425e-7
4.616	3.5274374175111116e-7
4.617999999999999	3.512327333005996e-7
4.62	3.497216860946799e-7
4.622	3.4816887965677186e-7
4.624	3.4661603425803697e-7
4.6259999999999994	3.4504134187026533e-7
4.628	3.4344480238738386e-7
4.63	3.418482236254341e-7
4.632	3.4020595017264715e-7
4.6339999999999995	3.385636372216266e-7
4.635999999999999	3.368973571337476e-7
4.638	3.3520710979577633e-7
4.64	3.3351682261984494e-7
4.6419999999999995	3.3177626157895106e-7
4.643999999999999	3.300356604660021e-7
4.646	3.2826861232488214e-7
4.648	3.264751170345753e-7
4.6499999999999995	3.246815813091343e-7
4.651999999999999	3.228323852884703e-7
4.654	3.20983148582339e-7
4.656	3.1910453014113227e-7
4.6579999999999995	3.171965298353601e-7
4.659999999999999	3.152884884556227e-7
4.662	3.133183708190659e-7
4.664	3.1134821184052177e-7
4.6659999999999995	3.09345150920263e-7
4.667999999999999	3.073091879195631e-7
4.67	3.0527318316066154e-7
4.672	3.03167347381101e-7
4.6739999999999995	3.0106146955601604e-7
4.675999999999999	2.9891839985253035e-7
4.678	2.967381381218308e-7
4.68	2.945578338991312e-7
4.6819999999999995	2.922981628721413e-7
4.683999999999999	2.900384490447319e-7
4.686	2.877362161616333e-7
4.688	2.8539146406300173e-7
4.6899999999999995	2.8304666868436934e-7
4.691999999999999	2.806105367190725e-7
4.694	2.781743611422595e-7
4.696	2.7568889977405956e-7
4.6979999999999995	2.7315415244253586e-7
4.699999999999999	2.706193609836397e-7
4.702	2.679778271261894e-7
4.704	2.6533624878452246e-7
4.7059999999999995	2.626365470883467e-7
4.707999999999999	2.598787218524526e-7
4.71	2.5712085157665884e-7
4.712	2.5423578546574894e-7
4.7139999999999995	2.5135067393025996e-7
4.715999999999999	2.4839548695608093e-7
4.718	2.453702243434026e-7
4.72	2.423449157066619e-7
4.7219999999999995	2.391641616800786e-7
4.723999999999999	2.3598336121410432e-7
4.726	2.3271557499190586e-7
4.728	2.2936080279758772e-7
4.7299999999999995	2.260059835161164e-7
4.731999999999999	2.2245461842904062e-7
4.734	2.1890320580567094e-7
4.736	2.1523938653544868e-7
4.7379999999999995	2.1146316038470377e-7
4.739999999999999	2.0768688599658408e-7
4.742	2.0364982971161135e-7
4.744	1.9961272470274317e-7
4.7459999999999996	1.954215696289586e-7
4.747999999999999	1.910763642369194e-7
4.75	1.8673110936088083e-7
4.752	1.8201354827780953e-7
4.754	1.7729593718279335e-7
4.755999999999999	1.7234644432908916e-7
4.758	1.6716506944153553e-7
4.76	1.6198364371646259e-7
4.762	1.5620024114219207e-7
4.763999999999999	1.504167871564394e-7
4.766	1.442181538374379e-7
4.768	1.3760434088576616e-7
4.77	1.309904756242201e-7
4.771999999999999	1.2311368584706314e-7
4.774	1.1523684313483243e-7
4.776	1.0620022631602259e-7
4.778	9.600383506414697e-8
4.779999999999999	8.580738989762497e-8
4.782	5.1287935356208726e-8
4.784	1.6768426217757823e-8
4.786	1.6698129292744387e-8
4.787999999999999	1.6627777063560654e-8
4.79	1.6557369167005234e-8
4.792	1.6486905233255543e-8
4.794	1.6416384885712332e-8
4.795999999999999	1.6345807740839617e-8
4.798	1.6275173408001683e-8
4.8	1.6204481489296343e-8
4.802	1.6133731579378888e-8
4.803999999999999	1.6062923265286145e-8
4.806	1.5992056126251846e-8
4.808	1.5921129733516873e-8
4.81	1.585014365013645e-8
4.811999999999999	1.5779097430777812e-8
4.814	1.570799062151575e-8
4.816	1.5636822759617836e-8
4.818	1.5565593373326117e-8
4.819999999999999	1.54943019816318e-8
4.822	1.5422948094039757e-8
4.824	1.5351531210333266e-8
4.826	1.5280050820321056e-8
4.827999999999999	1.5208506403586158e-8
4.83	1.5136897429219343e-8
4.832	1.5065223355549082e-8
4.834	1.499348362986065e-8
4.835999999999999	1.492167768810764e-8
4.838	1.4849804954611112e-8
4.84	1.477786484175316e-8
4.842	1.4705856749657065e-8
4.843999999999999	1.4633780065858707e-8
4.846	1.4561634164966629e-8
4.848	1.4489418408310737e-8
4.85	1.4417132143579127e-8
4.851999999999999	1.4344774704443065e-8
4.854	1.4272345410168648e-8
4.856	1.4199843565214977e-8
4.858	1.4127268458820229e-8
4.859999999999999	1.405461936457238e-8
4.862	1.3981895539962505e-8
4.864	1.390909622592731e-8
4.866	1.383622064637096e-8
4.867999999999999	1.3763268007673763e-8
4.87	1.3690237498178449e-8
4.872	1.3617128287664246e-8
4.874	1.3543939526795853e-8
4.8759999999999994	1.34706703465556e-8
4.878	1.3397319857654462e-8
4.88	1.3323887149921086e-8
4.882	1.3250371291664314e-8
4.8839999999999995	1.3176771329020066e-8
4.885999999999999	1.3103086285264731e-8
4.888	1.3029315160108136e-8
4.89	1.2955456928955046e-8
4.8919999999999995	1.2881510542143314e-8
4.893999999999999	1.2807474924147008e-8
4.896	1.273334897275087e-8
4.898	1.2659131558192833e-8
4.8999999999999995	1.2584821522269399e-8
4.901999999999999	1.2510417677408728e-8
4.904	1.2435918805701809e-8
4.906	1.236132365789877e-8
4.9079999999999995	1.2286630952359475e-8
4.909999999999999	1.2211839373964517e-8
4.912	1.2136947572976775e-8
4.914	1.2061954163857767e-8
4.9159999999999995	1.198685772403196e-8
4.917999999999999	1.1911656792599075e-8
4.92	1.1836349868991469e-8
4.922	1.1760935411567694e-8
4.9239999999999995	1.1685411836152492e-8
4.925999999999999	1.1609777514506685e-8
4.928	1.1534030772726127e-8
4.93	1.145816988957493e-8
4.9319999999999995	1.1382193094738341e-8
4.933999999999999	1.1306098566994756e-8
4.936	1.1229884432306988e-8
4.938	1.115354876181657e-8
4.9399999999999995	1.1077089569753531e-8
4.941999999999999	1.1000504811235007e-8
4.944	1.092379237996774e-8
4.946	1.0846950105831974e-8
4.9479999999999995	1.076997575234882e-8
4.949999999999999	1.0692867014021663e-8
4.952	1.0615621513546089e-8
4.954	1.0538236798875465e-8
4.9559999999999995	1.0460710340138735e-8
4.957999999999999	1.0383039526396728e-8
4.96	1.030522166223049e-8
4.962	1.0227253964149955e-8
4.9639999999999995	1.0149133556811059e-8
4.965999999999999	1.007085746902539e-8
4.968	9.992422629558212e-9
4.97	9.913825862688165e-9
4.9719999999999995	9.835063883526656e-9
4.973999999999999	9.75613329306686e-9
4.976	9.677030572953936e-9
4.978	9.59775207995402e-9
4.9799999999999995	9.518294040095728e-9
4.981999999999999	9.438652542473919e-9
4.984	9.358823532673272e-9
4.986	9.278802805802063e-9
4.9879999999999995	9.198585999092643e-9
4.989999999999999	9.118168584048437e-9
4.992	9.03754585809276e-9
4.994	8.9567129356901e-9
4.9959999999999996	8.875664738888603e-9
4.997999999999999	8.794395987252419e-9
5.	8.71290118712059e-9
5.002	8.631174616554161e-9
5.004	8.54921032750023e-9
5.005999999999999	8.467002111049614e-9
5.008	8.384543497900346e-9
5.01	8.301827739739975e-9
5.012	8.218847793157853e-9
5.013999999999999	8.135596302387716e-9
5.016	8.05206558076684e-9
5.018	7.968247590786546e-9
5.02	7.884133922622966e-9
5.021999999999999	7.799715770983847e-9
5.024	7.714983910123484e-9
5.026	7.629928666844023e-9
5.028	7.544539891281966e-9
5.029999999999999	7.45880692525645e-9
5.032	7.372718567930944e-9
5.034	7.286263038508804e-9
5.036	7.199427935638085e-9
5.037999999999999	7.1122001931809625e-9
5.04	7.024566031937213e-9
5.042	6.9365109068634144e-9
5.044	6.8480194492787845e-9
5.045999999999999	6.759075403454866e-9
5.048	6.669661556932227e-9
5.05	6.5797596637723086e-9
5.052	6.489350359881666e-9
5.053999999999999	6.398413069377413e-9
5.056	6.306925900822976e-9
5.058	6.2148655319724786e-9
5.06	6.122207081447855e-9
5.061999999999999	6.028923965497197e-9
5.064	5.934987737687401e-9
5.066	5.8403679089778796e-9
5.068	5.745031745212161e-9
5.069999999999999	5.6489440384569975e-9
5.072	5.5520668479982854e-9
5.074	5.454359205931723e-9
5.076	5.355776781306705e-9
5.077999999999999	5.256271495499592e-9
5.08	5.1557910799351274e-9
5.082	5.054278565283982e-9
5.084	4.95167168877871e-9
5.085999999999999	4.847902203113626e-9
5.088	4.742895066292102e-9
5.09	4.6365674864897805e-9
5.092	4.528827789064005e-9
5.093999999999999	4.4195740637079965e-9
5.096	4.308692537457993e-9
5.098	4.196055602793141e-9
5.1	4.08151940740302e-9
5.101999999999999	3.964920880815279e-9
5.104	3.8460740289001775e-9
5.106	3.724765263930809e-9
5.108	3.600747445613473e-9
5.109999999999999	3.4737321711361575e-9
5.112	3.343379643270668e-9
5.114	3.209285119339575e-9
5.116	3.070960419698961e-9
5.117999999999999	2.927808104753263e-9
5.12	2.7790844304251137e-9
5.122	2.623844492559073e-9
5.124	2.460857849275533e-9
5.1259999999999994	2.2884725654332232e-9
5.128	2.1043830503890556e-9
5.13	1.9052027439559977e-9