0.1	1e-05	360
0.1	5e-05	360
0.1	0.0001	360
0.1	0.0002	360
0.1	0.00035	360
0.1	0.0005	360
0.1	0.0007	360
0.1	0.001	360
0.1	0.001125335583	360
0.1	0.001266380173	360
0.1	0.00142510267	360
0.1	0.001603718744	360
0.1	0.001804721767	360
0.1	0.002030917621	360
0.1	0.002285463864	360
0.1	0.002571913809	360
0.1	0.002894266125	360
0.1	0.003257020656	353.5922175
0.1	0.003665241237	353.5922175
0.1	0.004124626383	353.5922175
0.1	0.004641588834	353.5922175
0.1	0.005223345074	353.5922175
0.1	0.005878016072	353.5922175
0.1	0.006614740641	292.3846622
0.1	0.007443803013	292.3846622
0.1	0.008376776401	241.7722632
0.1	0.009426684551	241.7722632
0.1	0.01060818355	199.9209767
0.1	0.01193776642	199.9209767
0.1	0.01343399333	199.9209767
0.1	0.01511775071	181.7959942
0.1	0.0170125428	181.7959942
0.1	0.01914481976	181.7959942
0.1	0.0215443469	124.3048539
0.1	0.02424462017	113.0352846
0.1	0.02728333376	102.7874227
0.1	0.0307029063	102.7874227
0.1	0.03455107295	77.28902169
0.1	0.0388815518	77.28902169
0.1	0.04375479375	77.28902169
0.1	0.04923882632	70.28194223
0.1	0.0554102033	70.28194223
0.1	0.06235507341	52.84715207
0.1	0.07017038287	48.05599046
0.1	0.07896522868	36.13477595
0.1	0.08886238163	32.85877063
0.1	0.1	29.87977036
0.15	1e-05	353.5922175
0.15	5e-05	353.5922175
0.15	0.0001	353.5922175
0.15	0.0002	353.5922175
0.15	0.00035	353.5922175
0.15	0.0005	353.5922175
0.15	0.0007	353.5922175
0.15	0.001	353.5922175
0.15	0.001125335583	353.5922175
0.15	0.001266380173	353.5922175
0.15	0.00142510267	353.5922175
0.15	0.001603718744	353.5922175
0.15	0.001804721767	353.5922175
0.15	0.002030917621	353.5922175
0.15	0.002285463864	353.5922175
0.15	0.002571913809	353.5922175
0.15	0.002894266125	353.5922175
0.15	0.003257020656	353.5922175
0.15	0.003665241237	353.5922175
0.15	0.004124626383	353.5922175
0.15	0.004641588834	353.5922175
0.15	0.005223345074	353.5922175
0.15	0.005878016072	321.5352874
0.15	0.006614740641	321.5352874
0.15	0.007443803013	321.5352874
0.15	0.008376776401	321.5352874
0.15	0.009426684551	321.5352874
0.15	0.01060818355	321.5352874
0.15	0.01193776642	219.8530123
0.15	0.01343399333	219.8530123
0.15	0.01511775071	181.7959942
0.15	0.0170125428	165.3142358
0.15	0.01914481976	150.3267258
0.15	0.0215443469	113.0352846
0.15	0.02424462017	113.0352846
0.15	0.02728333376	102.7874227
0.15	0.0307029063	93.46863945
0.15	0.03455107295	93.46863945
0.15	0.0388815518	84.99470396
0.15	0.04375479375	70.28194223
0.15	0.04923882632	63.91012974
0.15	0.0554102033	63.91012974
0.15	0.06235507341	52.84715207
0.15	0.07017038287	43.69919908
0.15	0.07896522868	36.13477595
0.15	0.08886238163	36.13477595
0.15	0.1	29.87977036
0.2	1e-05	360
0.2	5e-05	360
0.2	0.0001	360
0.2	0.0002	360
0.2	0.00035	360
0.2	0.0005	360
0.2	0.0007	360
0.2	0.001	360
0.2	0.001125335583	360
0.2	0.001266380173	360
0.2	0.00142510267	360
0.2	0.001603718744	360
0.2	0.001804721767	360
0.2	0.002030917621	360
0.2	0.002285463864	360
0.2	0.002571913809	360
0.2	0.002894266125	360
0.2	0.003257020656	360
0.2	0.003665241237	360
0.2	0.004124626383	360
0.2	0.004641588834	360
0.2	0.005223345074	360
0.2	0.005878016072	353.5922175
0.2	0.006614740641	321.5352874
0.2	0.007443803013	292.3846622
0.2	0.008376776401	265.876854
0.2	0.009426684551	241.7722632
0.2	0.01060818355	241.7722632
0.2	0.01193776642	241.7722632
0.2	0.01343399333	241.7722632
0.2	0.01511775071	199.9209767
0.2	0.0170125428	181.7959942
0.2	0.01914481976	150.3267258
0.2	0.0215443469	136.6979945
0.2	0.02424462017	113.0352846
0.2	0.02728333376	102.7874227
0.2	0.0307029063	93.46863945
0.2	0.03455107295	84.99470396
0.2	0.0388815518	84.99470396
0.2	0.04375479375	84.99470396
0.2	0.04923882632	84.99470396
0.2	0.0554102033	84.99470396
0.2	0.06235507341	48.05599046
0.2	0.07017038287	43.69919908
0.2	0.07896522868	39.7373976
0.2	0.08886238163	36.13477595
0.2	0.1	36.13477595
0.25	1e-05	360
0.25	5e-05	360
0.25	0.0001	360
0.25	0.0002	360
0.25	0.00035	360
0.25	0.0005	360
0.25	0.0007	360
0.25	0.001	360
0.25	0.001125335583	360
0.25	0.001266380173	360
0.25	0.00142510267	360
0.25	0.001603718744	360
0.25	0.001804721767	360
0.25	0.002030917621	360
0.25	0.002285463864	360
0.25	0.002571913809	360
0.25	0.002894266125	360
0.25	0.003257020656	353.5922175
0.25	0.003665241237	353.5922175
0.25	0.004124626383	353.5922175
0.25	0.004641588834	353.5922175
0.25	0.005223345074	353.5922175
0.25	0.005878016072	321.5352874
0.25	0.006614740641	321.5352874
0.25	0.007443803013	321.5352874
0.25	0.008376776401	321.5352874
0.25	0.009426684551	265.876854
0.25	0.01060818355	265.876854
0.25	0.01193776642	219.8530123
0.25	0.01343399333	219.8530123
0.25	0.01511775071	181.7959942
0.25	0.0170125428	181.7959942
0.25	0.01914481976	165.3142358
0.25	0.0215443469	165.3142358
0.25	0.02424462017	136.6979945
0.25	0.02728333376	113.0352846
0.25	0.0307029063	113.0352846
0.25	0.03455107295	113.0352846
0.25	0.0388815518	84.99470396
0.25	0.04375479375	70.28194223
0.25	0.04923882632	70.28194223
0.25	0.0554102033	63.91012974
0.25	0.06235507341	48.05599046
0.25	0.07017038287	48.05599046
0.25	0.07896522868	39.7373976
0.25	0.08886238163	39.7373976
0.25	0.1	32.85877063
0.3	1e-05	360
0.3	5e-05	360
0.3	0.0001	360
0.3	0.0002	360
0.3	0.00035	360
0.3	0.0005	360
0.3	0.0007	360
0.3	0.001	360
0.3	0.001125335583	360
0.3	0.001266380173	360
0.3	0.00142510267	360
0.3	0.001603718744	360
0.3	0.001804721767	360
0.3	0.002030917621	360
0.3	0.002285463864	360
0.3	0.002571913809	360
0.3	0.002894266125	360
0.3	0.003257020656	360
0.3	0.003665241237	360
0.3	0.004124626383	360
0.3	0.004641588834	360
0.3	0.005223345074	353.5922175
0.3	0.005878016072	353.5922175
0.3	0.006614740641	353.5922175
0.3	0.007443803013	321.5352874
0.3	0.008376776401	321.5352874
0.3	0.009426684551	321.5352874
0.3	0.01060818355	321.5352874
0.3	0.01193776642	292.3846622
0.3	0.01343399333	265.876854
0.3	0.01511775071	199.9209767
0.3	0.0170125428	181.7959942
0.3	0.01914481976	165.3142358
0.3	0.0215443469	150.3267258
0.3	0.02424462017	124.3048539
0.3	0.02728333376	102.7874227
0.3	0.0307029063	102.7874227
0.3	0.03455107295	93.46863945
0.3	0.0388815518	84.99470396
0.3	0.04375479375	70.28194223
0.3	0.04923882632	63.91012974
0.3	0.0554102033	58.11599044
0.3	0.06235507341	52.84715207
0.3	0.07017038287	52.84715207
0.3	0.07896522868	43.69919908
0.3	0.08886238163	39.7373976
0.3	0.1	36.13477595
0.35	1e-05	360
0.35	5e-05	360
0.35	0.0001	360
0.35	0.0002	360
0.35	0.00035	360
0.35	0.0005	360
0.35	0.0007	360
0.35	0.001	360
0.35	0.001125335583	360
0.35	0.001266380173	360
0.35	0.00142510267	360
0.35	0.001603718744	360
0.35	0.001804721767	360
0.35	0.002030917621	360
0.35	0.002285463864	360
0.35	0.002571913809	360
0.35	0.002894266125	360
0.35	0.003257020656	360
0.35	0.003665241237	360
0.35	0.004124626383	353.5922175
0.35	0.004641588834	353.5922175
0.35	0.005223345074	353.5922175
0.35	0.005878016072	353.5922175
0.35	0.006614740641	353.5922175
0.35	0.007443803013	321.5352874
0.35	0.008376776401	321.5352874
0.35	0.009426684551	265.876854
0.35	0.01060818355	241.7722632
0.35	0.01193776642	241.7722632
0.35	0.01343399333	241.7722632
0.35	0.01511775071	199.9209767
0.35	0.0170125428	199.9209767
0.35	0.01914481976	165.3142358
0.35	0.0215443469	165.3142358
0.35	0.02424462017	150.3267258
0.35	0.02728333376	124.3048539
0.35	0.0307029063	102.7874227
0.35	0.03455107295	93.46863945
0.35	0.0388815518	84.99470396
0.35	0.04375479375	84.99470396
0.35	0.04923882632	70.28194223
0.35	0.0554102033	70.28194223
0.35	0.06235507341	52.84715207
0.35	0.07017038287	48.05599046
0.35	0.07896522868	48.05599046
0.35	0.08886238163	39.7373976
0.35	0.1	39.7373976
0.4	1e-05	360
0.4	5e-05	360
0.4	0.0001	360
0.4	0.0002	360
0.4	0.00035	360
0.4	0.0005	360
0.4	0.0007	360
0.4	0.001	360
0.4	0.001125335583	360
0.4	0.001266380173	360
0.4	0.00142510267	360
0.4	0.001603718744	360
0.4	0.001804721767	360
0.4	0.002030917621	360
0.4	0.002285463864	360
0.4	0.002571913809	360
0.4	0.002894266125	360
0.4	0.003257020656	360
0.4	0.003665241237	360
0.4	0.004124626383	360
0.4	0.004641588834	353.5922175
0.4	0.005223345074	353.5922175
0.4	0.005878016072	353.5922175
0.4	0.006614740641	353.5922175
0.4	0.007443803013	321.5352874
0.4	0.008376776401	321.5352874
0.4	0.009426684551	321.5352874
0.4	0.01060818355	265.876854
0.4	0.01193776642	265.876854
0.4	0.01343399333	241.7722632
0.4	0.01511775071	219.8530123
0.4	0.0170125428	199.9209767
0.4	0.01914481976	165.3142358
0.4	0.0215443469	165.3142358
0.4	0.02424462017	150.3267258
0.4	0.02728333376	124.3048539
0.4	0.0307029063	124.3048539
0.4	0.03455107295	93.46863945
0.4	0.0388815518	93.46863945
0.4	0.04375479375	84.99470396
0.4	0.04923882632	70.28194223
0.4	0.0554102033	63.91012974
0.4	0.06235507341	52.84715207
0.4	0.07017038287	52.84715207
0.4	0.07896522868	48.05599046
0.4	0.08886238163	36.13477595
0.4	0.1	32.85877063
0.45	1e-05	360
0.45	5e-05	360
0.45	0.0001	360
0.45	0.0002	360
0.45	0.00035	360
0.45	0.0005	360
0.45	0.0007	360
0.45	0.001	360
0.45	0.001125335583	360
0.45	0.001266380173	360
0.45	0.00142510267	360
0.45	0.001603718744	360
0.45	0.001804721767	360
0.45	0.002030917621	360
0.45	0.002285463864	360
0.45	0.002571913809	360
0.45	0.002894266125	360
0.45	0.003257020656	360
0.45	0.003665241237	360
0.45	0.004124626383	353.5922175
0.45	0.004641588834	353.5922175
0.45	0.005223345074	353.5922175
0.45	0.005878016072	353.5922175
0.45	0.006614740641	353.5922175
0.45	0.007443803013	321.5352874
0.45	0.008376776401	321.5352874
0.45	0.009426684551	321.5352874
0.45	0.01060818355	321.5352874
0.45	0.01193776642	321.5352874
0.45	0.01343399333	321.5352874
0.45	0.01511775071	219.8530123
0.45	0.0170125428	219.8530123
0.45	0.01914481976	219.8530123
0.45	0.0215443469	150.3267258
0.45	0.02424462017	136.6979945
0.45	0.02728333376	136.6979945
0.45	0.0307029063	113.0352846
0.45	0.03455107295	102.7874227
0.45	0.0388815518	102.7874227
0.45	0.04375479375	93.46863945
0.45	0.04923882632	77.28902169
0.45	0.0554102033	70.28194223
0.45	0.06235507341	58.11599044
0.45	0.07017038287	58.11599044
0.45	0.07896522868	48.05599046
0.45	0.08886238163	48.05599046
0.45	0.1	36.13477595
0.5	1e-05	360
0.5	5e-05	360
0.5	0.0001	360
0.5	0.0002	360
0.5	0.00035	360
0.5	0.0005	360
0.5	0.0007	360
0.5	0.001	360
0.5	0.001125335583	360
0.5	0.001266380173	360
0.5	0.00142510267	360
0.5	0.001603718744	360
0.5	0.001804721767	360
0.5	0.002030917621	360
0.5	0.002285463864	360
0.5	0.002571913809	360
0.5	0.002894266125	360
0.5	0.003257020656	360
0.5	0.003665241237	353.5922175
0.5	0.004124626383	353.5922175
0.5	0.004641588834	353.5922175
0.5	0.005223345074	353.5922175
0.5	0.005878016072	353.5922175
0.5	0.006614740641	353.5922175
0.5	0.007443803013	353.5922175
0.5	0.008376776401	321.5352874
0.5	0.009426684551	321.5352874
0.5	0.01060818355	292.3846622
0.5	0.01193776642	292.3846622
0.5	0.01343399333	292.3846622
0.5	0.01511775071	292.3846622
0.5	0.0170125428	181.7959942
0.5	0.01914481976	181.7959942
0.5	0.0215443469	181.7959942
0.5	0.02424462017	136.6979945
0.5	0.02728333376	136.6979945
0.5	0.0307029063	113.0352846
0.5	0.03455107295	102.7874227
0.5	0.0388815518	93.46863945
0.5	0.04375479375	93.46863945
0.5	0.04923882632	77.28902169
0.5	0.0554102033	70.28194223
0.5	0.06235507341	63.91012974
0.5	0.07017038287	58.11599044
0.5	0.07896522868	48.05599046
0.5	0.08886238163	36.13477595
0.5	0.1	36.13477595
0.55	1e-05	360
0.55	5e-05	360
0.55	0.0001	360
0.55	0.0002	360
0.55	0.00035	360
0.55	0.0005	360
0.55	0.0007	360
0.55	0.001	360
0.55	0.001125335583	360
0.55	0.001266380173	360
0.55	0.00142510267	360
0.55	0.001603718744	360
0.55	0.001804721767	360
0.55	0.002030917621	360
0.55	0.002285463864	360
0.55	0.002571913809	360
0.55	0.002894266125	360
0.55	0.003257020656	360
0.55	0.003665241237	360
0.55	0.004124626383	360
0.55	0.004641588834	353.5922175
0.55	0.005223345074	353.5922175
0.55	0.005878016072	353.5922175
0.55	0.006614740641	353.5922175
0.55	0.007443803013	321.5352874
0.55	0.008376776401	321.5352874
0.55	0.009426684551	321.5352874
0.55	0.01060818355	292.3846622
0.55	0.01193776642	265.876854
0.55	0.01343399333	241.7722632
0.55	0.01511775071	199.9209767
0.55	0.0170125428	199.9209767
0.55	0.01914481976	199.9209767
0.55	0.0215443469	165.3142358
0.55	0.02424462017	165.3142358
0.55	0.02728333376	124.3048539
0.55	0.0307029063	113.0352846
0.55	0.03455107295	113.0352846
0.55	0.0388815518	93.46863945
0.55	0.04375479375	93.46863945
0.55	0.04923882632	93.46863945
0.55	0.0554102033	70.28194223
0.55	0.06235507341	58.11599044
0.55	0.07017038287	58.11599044
0.55	0.07896522868	48.05599046
0.55	0.08886238163	43.69919908
0.55	0.1	43.69919908
0.6	1e-05	360
0.6	5e-05	360
0.6	0.0001	360
0.6	0.0002	360
0.6	0.00035	360
0.6	0.0005	360
0.6	0.0007	360
0.6	0.001	360
0.6	0.001125335583	360
0.6	0.001266380173	360
0.6	0.00142510267	360
0.6	0.001603718744	360
0.6	0.001804721767	360
0.6	0.002030917621	360
0.6	0.002285463864	360
0.6	0.002571913809	360
0.6	0.002894266125	360
0.6	0.003257020656	360
0.6	0.003665241237	360
0.6	0.004124626383	360
0.6	0.004641588834	353.5922175
0.6	0.005223345074	353.5922175
0.6	0.005878016072	353.5922175
0.6	0.006614740641	353.5922175
0.6	0.007443803013	353.5922175
0.6	0.008376776401	321.5352874
0.6	0.009426684551	321.5352874
0.6	0.01060818355	265.876854
0.6	0.01193776642	265.876854
0.6	0.01343399333	265.876854
0.6	0.01511775071	219.8530123
0.6	0.0170125428	199.9209767
0.6	0.01914481976	181.7959942
0.6	0.0215443469	165.3142358
0.6	0.02424462017	165.3142358
0.6	0.02728333376	150.3267258
0.6	0.0307029063	113.0352846
0.6	0.03455107295	102.7874227
0.6	0.0388815518	93.46863945
0.6	0.04375479375	84.99470396
0.6	0.04923882632	77.28902169
0.6	0.0554102033	63.91012974
0.6	0.06235507341	58.11599044
0.6	0.07017038287	52.84715207
0.6	0.07896522868	48.05599046
0.6	0.08886238163	43.69919908
0.6	0.1	39.7373976
0.65	1e-05	360
0.65	5e-05	360
0.65	0.0001	360
0.65	0.0002	360
0.65	0.00035	360
0.65	0.0005	360
0.65	0.0007	360
0.65	0.001	360
0.65	0.001125335583	360
0.65	0.001266380173	360
0.65	0.00142510267	360
0.65	0.001603718744	360
0.65	0.001804721767	360
0.65	0.002030917621	360
0.65	0.002285463864	360
0.65	0.002571913809	360
0.65	0.002894266125	360
0.65	0.003257020656	360
0.65	0.003665241237	360
0.65	0.004124626383	353.5922175
0.65	0.004641588834	353.5922175
0.65	0.005223345074	353.5922175
0.65	0.005878016072	353.5922175
0.65	0.006614740641	353.5922175
0.65	0.007443803013	321.5352874
0.65	0.008376776401	321.5352874
0.65	0.009426684551	321.5352874
0.65	0.01060818355	265.876854
0.65	0.01193776642	265.876854
0.65	0.01343399333	241.7722632
0.65	0.01511775071	219.8530123
0.65	0.0170125428	181.7959942
0.65	0.01914481976	181.7959942
0.65	0.0215443469	181.7959942
0.65	0.02424462017	150.3267258
0.65	0.02728333376	150.3267258
0.65	0.0307029063	124.3048539
0.65	0.03455107295	113.0352846
0.65	0.0388815518	93.46863945
0.65	0.04375479375	93.46863945
0.65	0.04923882632	93.46863945
0.65	0.0554102033	70.28194223
0.65	0.06235507341	70.28194223
0.65	0.07017038287	70.28194223
0.65	0.07896522868	48.05599046
0.65	0.08886238163	43.69919908
0.65	0.1	43.69919908
0.7	1e-05	360
0.7	5e-05	360
0.7	0.0001	360
0.7	0.0002	360
0.7	0.00035	360
0.7	0.0005	360
0.7	0.0007	360
0.7	0.001	360
0.7	0.001125335583	360
0.7	0.001266380173	360
0.7	0.00142510267	360
0.7	0.001603718744	360
0.7	0.001804721767	360
0.7	0.002030917621	360
0.7	0.002285463864	360
0.7	0.002571913809	360
0.7	0.002894266125	360
0.7	0.003257020656	360
0.7	0.003665241237	360
0.7	0.004124626383	360
0.7	0.004641588834	353.5922175
0.7	0.005223345074	353.5922175
0.7	0.005878016072	353.5922175
0.7	0.006614740641	353.5922175
0.7	0.007443803013	353.5922175
0.7	0.008376776401	353.5922175
0.7	0.009426684551	321.5352874
0.7	0.01060818355	265.876854
0.7	0.01193776642	265.876854
0.7	0.01343399333	265.876854
0.7	0.01511775071	265.876854
0.7	0.0170125428	199.9209767
0.7	0.01914481976	199.9209767
0.7	0.0215443469	181.7959942
0.7	0.02424462017	150.3267258
0.7	0.02728333376	150.3267258
0.7	0.0307029063	124.3048539
0.7	0.03455107295	113.0352846
0.7	0.0388815518	93.46863945
0.7	0.04375479375	84.99470396
0.7	0.04923882632	77.28902169
0.7	0.0554102033	70.28194223
0.7	0.06235507341	63.91012974
0.7	0.07017038287	52.84715207
0.7	0.07896522868	48.05599046
0.7	0.08886238163	43.69919908
0.7	0.1	39.7373976
0.74	1e-05	360
0.74	5e-05	360
0.74	0.0001	360
0.74	0.0002	360
0.74	0.00035	360
0.74	0.0005	360
0.74	0.0007	360
0.74	0.001	360
0.74	0.001125335583	360
0.74	0.001266380173	360
0.74	0.00142510267	360
0.74	0.001603718744	360
0.74	0.001804721767	360
0.74	0.002030917621	360
0.74	0.002285463864	360
0.74	0.002571913809	360
0.74	0.002894266125	360
0.74	0.003257020656	360
0.74	0.003665241237	360
0.74	0.004124626383	360
0.74	0.004641588834	353.5922175
0.74	0.005223345074	353.5922175
0.74	0.005878016072	353.5922175
0.74	0.006614740641	353.5922175
0.74	0.007443803013	353.5922175
0.74	0.008376776401	353.5922175
0.74	0.009426684551	353.5922175
0.74	0.01060818355	353.5922175
0.74	0.01193776642	353.5922175
0.74	0.01343399333	321.5352874
0.74	0.01511775071	219.8530123
0.74	0.0170125428	199.9209767
0.74	0.01914481976	199.9209767
0.74	0.0215443469	199.9209767
0.74	0.02424462017	199.9209767
0.74	0.02728333376	124.3048539
0.74	0.0307029063	113.0352846
0.74	0.03455107295	102.7874227
0.74	0.0388815518	93.46863945
0.74	0.04375479375	77.28902169
0.74	0.04923882632	70.28194223
0.74	0.0554102033	70.28194223
0.74	0.06235507341	70.28194223
0.74	0.07017038287	58.11599044
0.74	0.07896522868	48.05599046
0.74	0.08886238163	43.69919908
0.74	0.1	39.7373976
0.775	1e-05	360
0.775	5e-05	360
0.775	0.0001	360
0.775	0.0002	360
0.775	0.00035	360
0.775	0.0005	360
0.775	0.0007	360
0.775	0.001	360
0.775	0.001125335583	360
0.775	0.001266380173	360
0.775	0.00142510267	360
0.775	0.001603718744	360
0.775	0.001804721767	360
0.775	0.002030917621	360
0.775	0.002285463864	360
0.775	0.002571913809	360
0.775	0.002894266125	360
0.775	0.003257020656	360
0.775	0.003665241237	353.5922175
0.775	0.004124626383	353.5922175
0.775	0.004641588834	353.5922175
0.775	0.005223345074	353.5922175
0.775	0.005878016072	353.5922175
0.775	0.006614740641	353.5922175
0.775	0.007443803013	353.5922175
0.775	0.008376776401	321.5352874
0.775	0.009426684551	292.3846622
0.775	0.01060818355	292.3846622
0.775	0.01193776642	292.3846622
0.775	0.01343399333	219.8530123
0.775	0.01511775071	199.9209767
0.775	0.0170125428	199.9209767
0.775	0.01914481976	181.7959942
0.775	0.0215443469	165.3142358
0.775	0.02424462017	150.3267258
0.775	0.02728333376	150.3267258
0.775	0.0307029063	113.0352846
0.775	0.03455107295	113.0352846
0.775	0.0388815518	84.99470396
0.775	0.04375479375	84.99470396
0.775	0.04923882632	70.28194223
0.775	0.0554102033	63.91012974
0.775	0.06235507341	58.11599044
0.775	0.07017038287	52.84715207
0.775	0.07896522868	52.84715207
0.775	0.08886238163	43.69919908
0.775	0.1	36.13477595
0.81	1e-05	360
0.81	5e-05	360
0.81	0.0001	360
0.81	0.0002	360
0.81	0.00035	360
0.81	0.0005	360
0.81	0.0007	360
0.81	0.001	360
0.81	0.001125335583	360
0.81	0.001266380173	360
0.81	0.00142510267	360
0.81	0.001603718744	360
0.81	0.001804721767	360
0.81	0.002030917621	360
0.81	0.002285463864	360
0.81	0.002571913809	360
0.81	0.002894266125	360
0.81	0.003257020656	360
0.81	0.003665241237	360
0.81	0.004124626383	360
0.81	0.004641588834	360
0.81	0.005223345074	353.5922175
0.81	0.005878016072	353.5922175
0.81	0.006614740641	353.5922175
0.81	0.007443803013	321.5352874
0.81	0.008376776401	321.5352874
0.81	0.009426684551	321.5352874
0.81	0.01060818355	321.5352874
0.81	0.01193776642	321.5352874
0.81	0.01343399333	265.876854
0.81	0.01511775071	219.8530123
0.81	0.0170125428	199.9209767
0.81	0.01914481976	199.9209767
0.81	0.0215443469	165.3142358
0.81	0.02424462017	150.3267258
0.81	0.02728333376	150.3267258
0.81	0.0307029063	150.3267258
0.81	0.03455107295	102.7874227
0.81	0.0388815518	102.7874227
0.81	0.04375479375	102.7874227
0.81	0.04923882632	77.28902169
0.81	0.0554102033	63.91012974
0.81	0.06235507341	63.91012974
0.81	0.07017038287	63.91012974
0.81	0.07896522868	52.84715207
0.81	0.08886238163	48.05599046
0.81	0.1	48.05599046
0.85	1e-05	360
0.85	5e-05	360
0.85	0.0001	360
0.85	0.0002	360
0.85	0.00035	360
0.85	0.0005	360
0.85	0.0007	360
0.85	0.001	360
0.85	0.001125335583	360
0.85	0.001266380173	360
0.85	0.00142510267	360
0.85	0.001603718744	360
0.85	0.001804721767	360
0.85	0.002030917621	360
0.85	0.002285463864	360
0.85	0.002571913809	360
0.85	0.002894266125	360
0.85	0.003257020656	360
0.85	0.003665241237	360
0.85	0.004124626383	360
0.85	0.004641588834	353.5922175
0.85	0.005223345074	353.5922175
0.85	0.005878016072	353.5922175
0.85	0.006614740641	353.5922175
0.85	0.007443803013	353.5922175
0.85	0.008376776401	353.5922175
0.85	0.009426684551	321.5352874
0.85	0.01060818355	265.876854
0.85	0.01193776642	265.876854
0.85	0.01343399333	265.876854
0.85	0.01511775071	219.8530123
0.85	0.0170125428	199.9209767
0.85	0.01914481976	199.9209767
0.85	0.0215443469	199.9209767
0.85	0.02424462017	150.3267258
0.85	0.02728333376	124.3048539
0.85	0.0307029063	124.3048539
0.85	0.03455107295	102.7874227
0.85	0.0388815518	93.46863945
0.85	0.04375479375	84.99470396
0.85	0.04923882632	84.99470396
0.85	0.0554102033	84.99470396
0.85	0.06235507341	63.91012974
0.85	0.07017038287	52.84715207
0.85	0.07896522868	52.84715207
0.85	0.08886238163	48.05599046
0.85	0.1	39.7373976
0.9	1e-05	360
0.9	5e-05	360
0.9	0.0001	360
0.9	0.0002	360
0.9	0.00035	360
0.9	0.0005	360
0.9	0.0007	360
0.9	0.001	360
0.9	0.001125335583	360
0.9	0.001266380173	360
0.9	0.00142510267	360
0.9	0.001603718744	360
0.9	0.001804721767	360
0.9	0.002030917621	360
0.9	0.002285463864	360
0.9	0.002571913809	360
0.9	0.002894266125	360
0.9	0.003257020656	360
0.9	0.003665241237	360
0.9	0.004124626383	360
0.9	0.004641588834	360
0.9	0.005223345074	353.5922175
0.9	0.005878016072	353.5922175
0.9	0.006614740641	353.5922175
0.9	0.007443803013	353.5922175
0.9	0.008376776401	321.5352874
0.9	0.009426684551	321.5352874
0.9	0.01060818355	321.5352874
0.9	0.01193776642	292.3846622
0.9	0.01343399333	292.3846622
0.9	0.01511775071	241.7722632
0.9	0.0170125428	241.7722632
0.9	0.01914481976	199.9209767
0.9	0.0215443469	165.3142358
0.9	0.02424462017	165.3142358
0.9	0.02728333376	150.3267258
0.9	0.0307029063	124.3048539
0.9	0.03455107295	113.0352846
0.9	0.0388815518	93.46863945
0.9	0.04375479375	84.99470396
0.9	0.04923882632	77.28902169
0.9	0.0554102033	77.28902169
0.9	0.06235507341	70.28194223
0.9	0.07017038287	58.11599044
0.9	0.07896522868	52.84715207
0.9	0.08886238163	39.7373976
0.9	0.1	39.7373976
0.958	1e-05	360
0.958	5e-05	360
0.958	0.0001	360
0.958	0.0002	360
0.958	0.00035	360
0.958	0.0005	360
0.958	0.0007	360
0.958	0.001	360
0.958	0.001125335583	360
0.958	0.001266380173	360
0.958	0.00142510267	360
0.958	0.001603718744	360
0.958	0.001804721767	360
0.958	0.002030917621	360
0.958	0.002285463864	360
0.958	0.002571913809	360
0.958	0.002894266125	360
0.958	0.003257020656	360
0.958	0.003665241237	360
0.958	0.004124626383	353.5922175
0.958	0.004641588834	353.5922175
0.958	0.005223345074	353.5922175
0.958	0.005878016072	353.5922175
0.958	0.006614740641	353.5922175
0.958	0.007443803013	353.5922175
0.958	0.008376776401	353.5922175
0.958	0.009426684551	321.5352874
0.958	0.01060818355	321.5352874
0.958	0.01193776642	292.3846622
0.958	0.01343399333	241.7722632
0.958	0.01511775071	241.7722632
0.958	0.0170125428	219.8530123
0.958	0.01914481976	199.9209767
0.958	0.0215443469	181.7959942
0.958	0.02424462017	150.3267258
0.958	0.02728333376	136.6979945
0.958	0.0307029063	113.0352846
0.958	0.03455107295	93.46863945
0.958	0.0388815518	93.46863945
0.958	0.04375479375	77.28902169
0.958	0.04923882632	70.28194223
0.958	0.0554102033	70.28194223
0.958	0.06235507341	63.91012974
0.958	0.07017038287	58.11599044
0.958	0.07896522868	58.11599044
0.958	0.08886238163	43.69919908
0.958	0.1	39.7373976
1.0	1e-05	360
1.0	5e-05	360
1.0	0.0001	360
1.0	0.0002	360
1.0	0.00035	360
1.0	0.0005	360
1.0	0.0007	360
1.0	0.001	360
1.0	0.001125335583	360
1.0	0.001266380173	360
1.0	0.00142510267	360
1.0	0.001603718744	360
1.0	0.001804721767	360
1.0	0.002030917621	360
1.0	0.002285463864	360
1.0	0.002571913809	360
1.0	0.002894266125	360
1.0	0.003257020656	360
1.0	0.003665241237	360
1.0	0.004124626383	360
1.0	0.004641588834	360
1.0	0.005223345074	360
1.0	0.005878016072	360
1.0	0.006614740641	353.5922175
1.0	0.007443803013	353.5922175
1.0	0.008376776401	321.5352874
1.0	0.009426684551	321.5352874
1.0	0.01060818355	292.3846622
1.0	0.01193776642	265.876854
1.0	0.01343399333	265.876854
1.0	0.01511775071	219.8530123
1.0	0.0170125428	219.8530123
1.0	0.01914481976	181.7959942
1.0	0.0215443469	165.3142358
1.0	0.02424462017	165.3142358
1.0	0.02728333376	136.6979945
1.0	0.0307029063	136.6979945
1.0	0.03455107295	113.0352846
1.0	0.0388815518	93.46863945
1.0	0.04375479375	84.99470396
1.0	0.04923882632	77.28902169
1.0	0.0554102033	70.28194223
1.0	0.06235507341	63.91012974
1.0	0.07017038287	58.11599044
1.0	0.07896522868	48.05599046
1.0	0.08886238163	48.05599046
1.0	0.1	39.7373976
1.022	1e-05	360
1.022	5e-05	360
1.022	0.0001	360
1.022	0.0002	360
1.022	0.00035	360
1.022	0.0005	360
1.022	0.0007	360
1.022	0.001	360
1.022	0.001125335583	360
1.022	0.001266380173	360
1.022	0.00142510267	360
1.022	0.001603718744	360
1.022	0.001804721767	360
1.022	0.002030917621	360
1.022	0.002285463864	360
1.022	0.002571913809	360
1.022	0.002894266125	360
1.022	0.003257020656	360
1.022	0.003665241237	360
1.022	0.004124626383	360
1.022	0.004641588834	360
1.022	0.005223345074	360
1.022	0.005878016072	353.5922175
1.022	0.006614740641	353.5922175
1.022	0.007443803013	353.5922175
1.022	0.008376776401	353.5922175
1.022	0.009426684551	321.5352874
1.022	0.01060818355	292.3846622
1.022	0.01193776642	292.3846622
1.022	0.01343399333	241.7722632
1.022	0.01511775071	219.8530123
1.022	0.0170125428	199.9209767
1.022	0.01914481976	181.7959942
1.022	0.0215443469	165.3142358
1.022	0.02424462017	165.3142358
1.022	0.02728333376	136.6979945
1.022	0.0307029063	136.6979945
1.022	0.03455107295	113.0352846
1.022	0.0388815518	93.46863945
1.022	0.04375479375	93.46863945
1.022	0.04923882632	84.99470396
1.022	0.0554102033	70.28194223
1.022	0.06235507341	63.91012974
1.022	0.07017038287	58.11599044
1.022	0.07896522868	52.84715207
1.022	0.08886238163	43.69919908
1.022	0.1	39.7373976
1.06	1e-05	360
1.06	5e-05	360
1.06	0.0001	360
1.06	0.0002	360
1.06	0.00035	360
1.06	0.0005	360
1.06	0.0007	360
1.06	0.001	360
1.06	0.001125335583	360
1.06	0.001266380173	360
1.06	0.00142510267	360
1.06	0.001603718744	360
1.06	0.001804721767	360
1.06	0.002030917621	360
1.06	0.002285463864	360
1.06	0.002571913809	360
1.06	0.002894266125	360
1.06	0.003257020656	360
1.06	0.003665241237	360
1.06	0.004124626383	360
1.06	0.004641588834	353.5922175
1.06	0.005223345074	353.5922175
1.06	0.005878016072	353.5922175
1.06	0.006614740641	353.5922175
1.06	0.007443803013	353.5922175
1.06	0.008376776401	353.5922175
1.06	0.009426684551	292.3846622
1.06	0.01060818355	292.3846622
1.06	0.01193776642	292.3846622
1.06	0.01343399333	241.7722632
1.06	0.01511775071	219.8530123
1.06	0.0170125428	219.8530123
1.06	0.01914481976	181.7959942
1.06	0.0215443469	165.3142358
1.06	0.02424462017	165.3142358
1.06	0.02728333376	136.6979945
1.06	0.0307029063	136.6979945
1.06	0.03455107295	102.7874227
1.06	0.0388815518	102.7874227
1.06	0.04375479375	84.99470396
1.06	0.04923882632	77.28902169
1.06	0.0554102033	70.28194223
1.06	0.06235507341	70.28194223
1.06	0.07017038287	70.28194223
1.06	0.07896522868	43.69919908
1.06	0.08886238163	43.69919908
1.06	0.1	36.13477595
1.1	1e-05	360
1.1	5e-05	360
1.1	0.0001	360
1.1	0.0002	360
1.1	0.00035	360
1.1	0.0005	360
1.1	0.0007	360
1.1	0.001	360
1.1	0.001125335583	360
1.1	0.001266380173	360
1.1	0.00142510267	360
1.1	0.001603718744	360
1.1	0.001804721767	360
1.1	0.002030917621	360
1.1	0.002285463864	360
1.1	0.002571913809	360
1.1	0.002894266125	360
1.1	0.003257020656	360
1.1	0.003665241237	360
1.1	0.004124626383	360
1.1	0.004641588834	360
1.1	0.005223345074	353.5922175
1.1	0.005878016072	353.5922175
1.1	0.006614740641	353.5922175
1.1	0.007443803013	353.5922175
1.1	0.008376776401	353.5922175
1.1	0.009426684551	292.3846622
1.1	0.01060818355	292.3846622
1.1	0.01193776642	265.876854
1.1	0.01343399333	265.876854
1.1	0.01511775071	219.8530123
1.1	0.0170125428	199.9209767
1.1	0.01914481976	199.9209767
1.1	0.0215443469	199.9209767
1.1	0.02424462017	150.3267258
1.1	0.02728333376	150.3267258
1.1	0.0307029063	124.3048539
1.1	0.03455107295	113.0352846
1.1	0.0388815518	84.99470396
1.1	0.04375479375	84.99470396
1.1	0.04923882632	77.28902169
1.1	0.0554102033	70.28194223
1.1	0.06235507341	63.91012974
1.1	0.07017038287	58.11599044
1.1	0.07896522868	52.84715207
1.1	0.08886238163	48.05599046
1.1	0.1	39.7373976
1.2	1e-05	360
1.2	5e-05	360
1.2	0.0001	360
1.2	0.0002	360
1.2	0.00035	360
1.2	0.0005	360
1.2	0.0007	360
1.2	0.001	360
1.2	0.001125335583	360
1.2	0.001266380173	360
1.2	0.00142510267	360
1.2	0.001603718744	360
1.2	0.001804721767	360
1.2	0.002030917621	360
1.2	0.002285463864	360
1.2	0.002571913809	360
1.2	0.002894266125	360
1.2	0.003257020656	360
1.2	0.003665241237	360
1.2	0.004124626383	360
1.2	0.004641588834	360
1.2	0.005223345074	353.5922175
1.2	0.005878016072	353.5922175
1.2	0.006614740641	353.5922175
1.2	0.007443803013	353.5922175
1.2	0.008376776401	321.5352874
1.2	0.009426684551	321.5352874
1.2	0.01060818355	321.5352874
1.2	0.01193776642	265.876854
1.2	0.01343399333	241.7722632
1.2	0.01511775071	219.8530123
1.2	0.0170125428	199.9209767
1.2	0.01914481976	199.9209767
1.2	0.0215443469	181.7959942
1.2	0.02424462017	181.7959942
1.2	0.02728333376	136.6979945
1.2	0.0307029063	136.6979945
1.2	0.03455107295	102.7874227
1.2	0.0388815518	102.7874227
1.2	0.04375479375	84.99470396
1.2	0.04923882632	84.99470396
1.2	0.0554102033	84.99470396
1.2	0.06235507341	70.28194223
1.2	0.07017038287	70.28194223
1.2	0.07896522868	52.84715207
1.2	0.08886238163	48.05599046
1.2	0.1	39.7373976
1.3	1e-05	360
1.3	5e-05	360
1.3	0.0001	360
1.3	0.0002	360
1.3	0.00035	360
1.3	0.0005	360
1.3	0.0007	360
1.3	0.001	360
1.3	0.001125335583	360
1.3	0.001266380173	360
1.3	0.00142510267	360
1.3	0.001603718744	360
1.3	0.001804721767	360
1.3	0.002030917621	360
1.3	0.002285463864	360
1.3	0.002571913809	360
1.3	0.002894266125	360
1.3	0.003257020656	360
1.3	0.003665241237	360
1.3	0.004124626383	360
1.3	0.004641588834	360
1.3	0.005223345074	360
1.3	0.005878016072	360
1.3	0.006614740641	360
1.3	0.007443803013	360
1.3	0.008376776401	360
1.3	0.009426684551	360
1.3	0.01060818355	360
1.3	0.01193776642	321.5352874
1.3	0.01343399333	321.5352874
1.3	0.01511775071	241.7722632
1.3	0.0170125428	241.7722632
1.3	0.01914481976	199.9209767
1.3	0.0215443469	181.7959942
1.3	0.02424462017	181.7959942
1.3	0.02728333376	136.6979945
1.3	0.0307029063	136.6979945
1.3	0.03455107295	113.0352846
1.3	0.0388815518	102.7874227
1.3	0.04375479375	84.99470396
1.3	0.04923882632	84.99470396
1.3	0.0554102033	77.28902169
1.3	0.06235507341	70.28194223
1.3	0.07017038287	70.28194223
1.3	0.07896522868	52.84715207
1.3	0.08886238163	52.84715207
1.3	0.1	43.69919908
1.4	1e-05	360
1.4	5e-05	360
1.4	0.0001	360
1.4	0.0002	360
1.4	0.00035	360
1.4	0.0005	360
1.4	0.0007	360
1.4	0.001	360
1.4	0.001125335583	360
1.4	0.001266380173	360
1.4	0.00142510267	360
1.4	0.001603718744	360
1.4	0.001804721767	360
1.4	0.002030917621	360
1.4	0.002285463864	360
1.4	0.002571913809	360
1.4	0.002894266125	360
1.4	0.003257020656	360
1.4	0.003665241237	360
1.4	0.004124626383	360
1.4	0.004641588834	360
1.4	0.005223345074	360
1.4	0.005878016072	353.5922175
1.4	0.006614740641	353.5922175
1.4	0.007443803013	353.5922175
1.4	0.008376776401	353.5922175
1.4	0.009426684551	353.5922175
1.4	0.01060818355	353.5922175
1.4	0.01193776642	353.5922175
1.4	0.01343399333	292.3846622
1.4	0.01511775071	265.876854
1.4	0.0170125428	241.7722632
1.4	0.01914481976	199.9209767
1.4	0.0215443469	181.7959942
1.4	0.02424462017	165.3142358
1.4	0.02728333376	136.6979945
1.4	0.0307029063	136.6979945
1.4	0.03455107295	113.0352846
1.4	0.0388815518	93.46863945
1.4	0.04375479375	84.99470396
1.4	0.04923882632	84.99470396
1.4	0.0554102033	84.99470396
1.4	0.06235507341	70.28194223
1.4	0.07017038287	70.28194223
1.4	0.07896522868	52.84715207
1.4	0.08886238163	52.84715207
1.4	0.1	48.05599046
1.5	1e-05	360
1.5	5e-05	360
1.5	0.0001	360
1.5	0.0002	360
1.5	0.00035	360
1.5	0.0005	360
1.5	0.0007	360
1.5	0.001	360
1.5	0.001125335583	360
1.5	0.001266380173	360
1.5	0.00142510267	360
1.5	0.001603718744	360
1.5	0.001804721767	360
1.5	0.002030917621	360
1.5	0.002285463864	360
1.5	0.002571913809	360
1.5	0.002894266125	360
1.5	0.003257020656	360
1.5	0.003665241237	360
1.5	0.004124626383	360
1.5	0.004641588834	360
1.5	0.005223345074	360
1.5	0.005878016072	360
1.5	0.006614740641	353.5922175
1.5	0.007443803013	353.5922175
1.5	0.008376776401	321.5352874
1.5	0.009426684551	321.5352874
1.5	0.01060818355	321.5352874
1.5	0.01193776642	321.5352874
1.5	0.01343399333	292.3846622
1.5	0.01511775071	241.7722632
1.5	0.0170125428	241.7722632
1.5	0.01914481976	219.8530123
1.5	0.0215443469	199.9209767
1.5	0.02424462017	165.3142358
1.5	0.02728333376	150.3267258
1.5	0.0307029063	136.6979945
1.5	0.03455107295	113.0352846
1.5	0.0388815518	113.0352846
1.5	0.04375479375	84.99470396
1.5	0.04923882632	77.28902169
1.5	0.0554102033	70.28194223
1.5	0.06235507341	70.28194223
1.5	0.07017038287	70.28194223
1.5	0.07896522868	52.84715207
1.5	0.08886238163	43.69919908
1.5	0.1	43.69919908
1.6	1e-05	360
1.6	5e-05	360
1.6	0.0001	360
1.6	0.0002	360
1.6	0.00035	360
1.6	0.0005	360
1.6	0.0007	360
1.6	0.001	360
1.6	0.001125335583	360
1.6	0.001266380173	360
1.6	0.00142510267	360
1.6	0.001603718744	360
1.6	0.001804721767	360
1.6	0.002030917621	360
1.6	0.002285463864	360
1.6	0.002571913809	360
1.6	0.002894266125	360
1.6	0.003257020656	360
1.6	0.003665241237	360
1.6	0.004124626383	360
1.6	0.004641588834	360
1.6	0.005223345074	360
1.6	0.005878016072	360
1.6	0.006614740641	360
1.6	0.007443803013	360
1.6	0.008376776401	353.5922175
1.6	0.009426684551	353.5922175
1.6	0.01060818355	321.5352874
1.6	0.01193776642	292.3846622
1.6	0.01343399333	292.3846622
1.6	0.01511775071	265.876854
1.6	0.0170125428	219.8530123
1.6	0.01914481976	199.9209767
1.6	0.0215443469	199.9209767
1.6	0.02424462017	199.9209767
1.6	0.02728333376	181.7959942
1.6	0.0307029063	150.3267258
1.6	0.03455107295	124.3048539
1.6	0.0388815518	113.0352846
1.6	0.04375479375	102.7874227
1.6	0.04923882632	84.99470396
1.6	0.0554102033	70.28194223
1.6	0.06235507341	70.28194223
1.6	0.07017038287	63.91012974
1.6	0.07896522868	58.11599044
1.6	0.08886238163	48.05599046
1.6	0.1	43.69919908
1.8	1e-05	360
1.8	5e-05	360
1.8	0.0001	360
1.8	0.0002	360
1.8	0.00035	360
1.8	0.0005	360
1.8	0.0007	360
1.8	0.001	360
1.8	0.001125335583	360
1.8	0.001266380173	360
1.8	0.00142510267	360
1.8	0.001603718744	360
1.8	0.001804721767	360
1.8	0.002030917621	360
1.8	0.002285463864	360
1.8	0.002571913809	360
1.8	0.002894266125	360
1.8	0.003257020656	360
1.8	0.003665241237	360
1.8	0.004124626383	360
1.8	0.004641588834	360
1.8	0.005223345074	360
1.8	0.005878016072	353.5922175
1.8	0.006614740641	353.5922175
1.8	0.007443803013	353.5922175
1.8	0.008376776401	353.5922175
1.8	0.009426684551	353.5922175
1.8	0.01060818355	353.5922175
1.8	0.01193776642	353.5922175
1.8	0.01343399333	292.3846622
1.8	0.01511775071	241.7722632
1.8	0.0170125428	219.8530123
1.8	0.01914481976	199.9209767
1.8	0.0215443469	199.9209767
1.8	0.02424462017	181.7959942
1.8	0.02728333376	165.3142358
1.8	0.0307029063	150.3267258
1.8	0.03455107295	124.3048539
1.8	0.0388815518	102.7874227
1.8	0.04375479375	93.46863945
1.8	0.04923882632	84.99470396
1.8	0.0554102033	77.28902169
1.8	0.06235507341	77.28902169
1.8	0.07017038287	70.28194223
1.8	0.07896522868	63.91012974
1.8	0.08886238163	58.11599044
1.8	0.1	43.69919908
2.0	1e-05	360
2.0	5e-05	360
2.0	0.0001	360
2.0	0.0002	360
2.0	0.00035	360
2.0	0.0005	360
2.0	0.0007	360
2.0	0.001	360
2.0	0.001125335583	360
2.0	0.001266380173	360
2.0	0.00142510267	360
2.0	0.001603718744	360
2.0	0.001804721767	360
2.0	0.002030917621	360
2.0	0.002285463864	360
2.0	0.002571913809	360
2.0	0.002894266125	360
2.0	0.003257020656	360
2.0	0.003665241237	360
2.0	0.004124626383	360
2.0	0.004641588834	360
2.0	0.005223345074	353.5922175
2.0	0.005878016072	353.5922175
2.0	0.006614740641	353.5922175
2.0	0.007443803013	353.5922175
2.0	0.008376776401	353.5922175
2.0	0.009426684551	353.5922175
2.0	0.01060818355	353.5922175
2.0	0.01193776642	353.5922175
2.0	0.01343399333	265.876854
2.0	0.01511775071	265.876854
2.0	0.0170125428	241.7722632
2.0	0.01914481976	219.8530123
2.0	0.0215443469	181.7959942
2.0	0.02424462017	181.7959942
2.0	0.02728333376	181.7959942
2.0	0.0307029063	165.3142358
2.0	0.03455107295	124.3048539
2.0	0.0388815518	113.0352846
2.0	0.04375479375	113.0352846
2.0	0.04923882632	93.46863945
2.0	0.0554102033	84.99470396
2.0	0.06235507341	84.99470396
2.0	0.07017038287	70.28194223
2.0	0.07896522868	70.28194223
2.0	0.08886238163	52.84715207
2.0	0.1	43.69919908
2.2	1e-05	360
2.2	5e-05	360
2.2	0.0001	360
2.2	0.0002	360
2.2	0.00035	360
2.2	0.0005	360
2.2	0.0007	360
2.2	0.001	360
2.2	0.001125335583	360
2.2	0.001266380173	360
2.2	0.00142510267	360
2.2	0.001603718744	360
2.2	0.001804721767	360
2.2	0.002030917621	360
2.2	0.002285463864	360
2.2	0.002571913809	360
2.2	0.002894266125	360
2.2	0.003257020656	360
2.2	0.003665241237	360
2.2	0.004124626383	360
2.2	0.004641588834	360
2.2	0.005223345074	360
2.2	0.005878016072	360
2.2	0.006614740641	360
2.2	0.007443803013	360
2.2	0.008376776401	353.5922175
2.2	0.009426684551	353.5922175
2.2	0.01060818355	353.5922175
2.2	0.01193776642	292.3846622
2.2	0.01343399333	292.3846622
2.2	0.01511775071	265.876854
2.2	0.0170125428	241.7722632
2.2	0.01914481976	219.8530123
2.2	0.0215443469	219.8530123
2.2	0.02424462017	219.8530123
2.2	0.02728333376	150.3267258
2.2	0.0307029063	150.3267258
2.2	0.03455107295	136.6979945
2.2	0.0388815518	113.0352846
2.2	0.04375479375	102.7874227
2.2	0.04923882632	93.46863945
2.2	0.0554102033	77.28902169
2.2	0.06235507341	77.28902169
2.2	0.07017038287	63.91012974
2.2	0.07896522868	52.84715207
2.2	0.08886238163	52.84715207
2.2	0.1	48.05599046
