0.01	1e-05	376.9499712
0.01	5e-05	376.9499712
0.01	0.0001	376.9499712
0.01	0.0003	376.9499712
0.01	0.0006	376.9499712
0.01	0.001	376.9499712
0.01	0.002	376.9499712
0.01	0.004	284.2384985
0.01	0.006	243.0305899
0.01	0.008	204.4439344
0.01	0.01	204.4439344
0.01	0.01122018454	188.9926088
0.01	0.01258925412	152.9384741
0.01	0.01412537545	142.6369089
0.01	0.01584893192	142.6369089
0.01	0.0177827941	116.8817888
0.01	0.01995262315	116.8817888
0.01	0.02238721139	96.27572055
0.01	0.02511886432	96.27572055
0.01	0.02818382931	91.12377474
0.01	0.0316227766	91.12377474
0.01	0.03548133892	75.66634779
0.01	0.03981071706	55.0499592
0.01	0.04466835922	55.0499592
0.01	0.05011872336	49.43442079
0.01	0.05623413252	47.37395424
0.01	0.06309573445	47.37395424
0.01	0.07079457844	34.50630708
0.01	0.07943282347	33.47618884
0.01	0.08912509381	33.47618884
0.01	0.1	33.47618884
0.01	0.1122018454	33.47618884
0.01	0.1258925412	26.26510149
0.01	0.1412537545	26.26510149
0.01	0.1584893192	19.05319115
0.01	0.177827941	15.96184407
0.01	0.1995262315	14.93127111
0.01	0.2238721139	14.93127111
0.01	0.2511886432	11.83895392
0.01	0.2818382931	9.01397278
0.01	0.316227766	9.01397278
0.01	0.3548133892	8.498749954
0.01	0.3981071706	6.131703847
0.01	0.4466835922	5.51348571
0.01	0.5011872336	4.895212485
0.01	0.5623413252	4.276860282
0.01	0.6309573445	3.967643025
0.01	0.7079457844	3.039726151
0.01	0.7943282347	3.039726151
0.01	0.85	2.730282105
0.01	0.95	2.475007702
0.01	1.05	2.268813197
0.01	1.2	2.062579822
0.01	1.4	2.062579822
0.01	1.6	2.062579822
0.01	1.9	2.062579822
0.01	2.2	1.443479866
0.01	2.4	1.236868757
0.01	2.7	1.236868757
0.01	3	1.236868757
0.01	3.141592654	1.030012875
0.02	1e-05	376.9499712
0.02	5e-05	376.9499712
0.02	0.0001	376.9499712
0.02	0.0003	376.9499712
0.02	0.0006	376.9499712
0.02	0.001	376.9499712
0.02	0.002	376.9499712
0.02	0.004	376.9499712
0.02	0.006	376.9499712
0.02	0.008	376.9499712
0.02	0.01	376.9499712
0.02	0.01122018454	346.04683
0.02	0.01258925412	325.4444044
0.02	0.01412537545	222.4255369
0.02	0.01584893192	212.1226423
0.02	0.0177827941	212.1226423
0.02	0.01995262315	212.1226423
0.02	0.02238721139	212.1226423
0.02	0.02511886432	212.1226423
0.02	0.02818382931	183.8421174
0.02	0.0316227766	152.9384741
0.02	0.03548133892	137.4860383
0.02	0.03981071706	106.5790479
0.02	0.04466835922	106.5790479
0.02	0.05011872336	106.5790479
0.02	0.05623413252	70.51314872
0.02	0.06309573445	70.51314872
0.02	0.07079457844	65.35944536
0.02	0.07943282347	60.2051082
0.02	0.08912509381	60.2051082
0.02	0.1	41.1922746
0.02	0.1122018454	34.50630708
0.02	0.1258925412	33.47618884
0.02	0.1412537545	31.4159291
0.02	0.1584893192	27.29529199
0.02	0.177827941	27.29529199
0.02	0.1995262315	27.29529199
0.02	0.2238721139	21.11387011
0.02	0.2511886432	15.96184407
0.02	0.2818382931	13.90061322
0.02	0.316227766	12.86985
0.02	0.3548133892	10.04434987
0.02	0.3981071706	8.498749954
0.02	0.4466835922	7.983498373
0.02	0.5011872336	7.983498373
0.02	0.5623413252	5.822600568
0.02	0.6309573445	5.822600568
0.02	0.7079457844	4.276860282
0.02	0.7943282347	3.658389054
0.02	0.85	3.658389054
0.02	0.95	2.475007702
0.02	1.05	2.475007702
0.02	1.2	2.475007702
0.02	1.4	1.856294622
0.02	1.6	1.856294622
0.02	1.9	1.649938157
0.02	2.2	1.236868757
0.02	2.4	1.236868757
0.02	2.7	1.236868757
0.02	3	1.236868757
0.02	3.141592654	1.236868757
0.03	1e-05	376.9499712
0.03	5e-05	376.9499712
0.03	0.0001	376.9499712
0.03	0.0003	376.9499712
0.03	0.0006	376.9499712
0.03	0.001	376.9499712
0.03	0.002	376.9499712
0.03	0.004	376.9499712
0.03	0.006	376.9499712
0.03	0.008	376.9499712
0.03	0.01	363.2151989
0.03	0.01122018454	342.6131048
0.03	0.01258925412	328.8781544
0.03	0.01412537545	243.0298574
0.03	0.01584893192	225.8593643
0.03	0.0177827941	212.1226423
0.03	0.01995262315	212.1226423
0.03	0.02238721139	194.1114883
0.03	0.02511886432	192.3945862
0.03	0.02818382931	173.540903
0.03	0.0316227766	152.9384741
0.03	0.03548133892	142.6368502
0.03	0.03981071706	122.03219
0.03	0.04466835922	122.03219
0.03	0.05011872336	122.03219
0.03	0.05623413252	77.38335739
0.03	0.06309573445	70.51314872
0.03	0.07079457844	67.07734648
0.03	0.07943282347	58.4867252
0.03	0.08912509381	55.92805688
0.03	0.1	43.25283448
0.03	0.1122018454	38.7955228
0.03	0.1258925412	33.81956159
0.03	0.1412537545	30.0423834
0.03	0.1584893192	27.29529199
0.03	0.177827941	25.23481803
0.03	0.1995262315	24.20445915
0.03	0.2238721139	19.3965281
0.03	0.2511886432	15.27476712
0.03	0.2818382931	13.90061322
0.03	0.316227766	11.32977099
0.03	0.3548133892	11.32977099
0.03	0.3981071706	10.29937104
0.03	0.4466835922	7.811736278
0.03	0.5011872336	7.263199105
0.03	0.5623413252	5.616519449
0.03	0.6309573445	5.307353806
0.03	0.7079457844	4.173787863
0.03	0.7943282347	3.658389054
0.03	0.85	3.452168086
0.03	0.95	2.663247185
0.03	1.05	2.663247185
0.03	1.2	2.475007702
0.03	1.4	2.062579822
0.03	1.6	2.062579822
0.03	1.9	1.856294622
0.03	2.2	1.443479866
0.03	2.4	1.236868757
0.03	2.7	1.236868757
0.03	3	1.098821708
0.03	3.141592654	1.098821708
0.05	1e-05	376.9499712
0.05	5e-05	376.9499712
0.05	0.0001	376.9499712
0.05	0.0003	376.9499712
0.05	0.0006	376.9499712
0.05	0.001	376.9499712
0.05	0.002	376.9499712
0.05	0.004	376.9499712
0.05	0.006	376.9499712
0.05	0.008	376.9499712
0.05	0.01	335.7456544
0.05	0.01122018454	335.7456544
0.05	0.01258925412	335.7456544
0.05	0.01412537545	284.2384985
0.05	0.01584893192	253.3328083
0.05	0.0177827941	212.1226423
0.05	0.01995262315	212.1226423
0.05	0.02238721139	158.0891802
0.05	0.02511886432	152.9384741
0.05	0.02818382931	152.9384741
0.05	0.0316227766	152.9384741
0.05	0.03548133892	152.9384741
0.05	0.03981071706	152.9384741
0.05	0.04466835922	152.9384741
0.05	0.05011872336	152.9384741
0.05	0.05623413252	91.12377474
0.05	0.06309573445	70.51314872
0.05	0.07079457844	70.51314872
0.05	0.07943282347	55.0499592
0.05	0.08912509381	47.37395424
0.05	0.1	47.37395424
0.05	0.1122018454	47.37395424
0.05	0.1258925412	34.50630708
0.05	0.1412537545	27.29529199
0.05	0.1584893192	27.29529199
0.05	0.177827941	21.11387011
0.05	0.1995262315	18.02279346
0.05	0.2238721139	15.96184407
0.05	0.2511886432	13.90061322
0.05	0.2818382931	13.90061322
0.05	0.316227766	13.90061322
0.05	0.3548133892	13.90061322
0.05	0.3981071706	13.90061322
0.05	0.4466835922	7.468212087
0.05	0.5011872336	5.822600568
0.05	0.5623413252	5.20435721
0.05	0.6309573445	4.276860282
0.05	0.7079457844	3.967643025
0.05	0.7943282347	3.658389054
0.05	0.85	3.039726151
0.05	0.95	3.039726151
0.05	1.05	3.039726151
0.05	1.2	2.475007702
0.05	1.4	2.062579822
0.05	1.6	2.062579822
0.05	1.9	2.062579822
0.05	2.2	1.236868757
0.05	2.4	1.236868757
0.05	2.7	1.236868757
0.05	3	1.236868757
0.05	3.141592654	0.8227276114
0.075	1e-05	376.9499712
0.075	5e-05	376.9499712
0.075	0.0001	376.9499712
0.075	0.0003	376.9499712
0.075	0.0006	376.9499712
0.075	0.001	376.9499712
0.075	0.002	376.9499712
0.075	0.004	376.9499712
0.075	0.006	376.9499712
0.075	0.008	376.9499712
0.075	0.01	351.1973187
0.075	0.01122018454	351.1973187
0.075	0.01258925412	315.1428921
0.075	0.01412537545	263.6345442
0.075	0.01584893192	248.1816991
0.075	0.0177827941	227.5766161
0.075	0.01995262315	227.5766161
0.075	0.02238721139	200.559885
0.075	0.02511886432	197.984532
0.075	0.02818382931	197.984532
0.075	0.0316227766	134.9101314
0.075	0.03548133892	134.9101314
0.075	0.03981071706	129.758761
0.075	0.04466835922	122.0311244
0.075	0.05011872336	122.0311244
0.075	0.05623413252	83.39506127
0.075	0.06309573445	73.08974826
0.075	0.07079457844	73.08974826
0.075	0.07943282347	65.3581535
0.075	0.08912509381	61.52015101
0.075	0.1	61.52015101
0.075	0.1122018454	42.22239896
0.075	0.1258925412	32.96111809
0.075	0.1412537545	26.2650937
0.075	0.1584893192	25.7499819
0.075	0.177827941	22.65927096
0.075	0.1995262315	21.11373264
0.075	0.2238721139	20.08325794
0.075	0.2511886432	14.41594217
0.075	0.2818382931	14.41594217
0.075	0.316227766	14.41594217
0.075	0.3548133892	12.86978357
0.075	0.3981071706	12.86978357
0.075	0.4466835922	8.241092434
0.075	0.5011872336	7.418286674
0.075	0.5623413252	5.20435721
0.075	0.6309573445	4.276860282
0.075	0.7079457844	3.967643025
0.075	0.7943282347	3.503738627
0.075	0.85	3.039726151
0.075	0.95	2.757366927
0.075	1.05	2.730282105
0.075	1.2	2.268793762
0.075	1.4	2.062579822
0.075	1.6	2.062579822
0.075	1.9	2.062579822
0.075	2.2	1.236868757
0.075	2.4	1.236868757
0.075	2.7	1.236868757
0.075	3	1.236868757
0.075	3.141592654	1.133103739
0.1	1e-05	376.9499712
0.1	5e-05	376.9499712
0.1	0.0001	376.9499712
0.1	0.0003	376.9499712
0.1	0.0006	376.9499712
0.1	0.001	376.9499712
0.1	0.002	376.9499712
0.1	0.004	376.9499712
0.1	0.006	376.9499712
0.1	0.008	376.9499712
0.1	0.01	366.648983
0.1	0.01122018454	366.648983
0.1	0.01258925412	294.5401299
0.1	0.01412537545	243.0305899
0.1	0.01584893192	243.0305899
0.1	0.0177827941	243.0305899
0.1	0.01995262315	243.0305899
0.1	0.02238721139	243.0305899
0.1	0.02511886432	243.0305899
0.1	0.02818382931	243.0305899
0.1	0.0316227766	116.8817888
0.1	0.03548133892	116.8817888
0.1	0.03981071706	106.5790479
0.1	0.04466835922	91.12377474
0.1	0.05011872336	91.12377474
0.1	0.05623413252	75.66634779
0.1	0.06309573445	75.66634779
0.1	0.07079457844	75.66634779
0.1	0.07943282347	75.66634779
0.1	0.08912509381	75.66634779
0.1	0.1	75.66634779
0.1	0.1122018454	37.07084367
0.1	0.1258925412	31.4159291
0.1	0.1412537545	25.23489542
0.1	0.1584893192	24.20467182
0.1	0.177827941	24.20467182
0.1	0.1995262315	24.20467182
0.1	0.2238721139	24.20467182
0.1	0.2511886432	14.93127111
0.1	0.2818382931	14.93127111
0.1	0.316227766	14.93127111
0.1	0.3548133892	11.83895392
0.1	0.3981071706	11.83895392
0.1	0.4466835922	9.01397278
0.1	0.5011872336	9.01397278
0.1	0.5623413252	5.20435721
0.1	0.6309573445	4.276860282
0.1	0.7079457844	3.967643025
0.1	0.7943282347	3.3490882
0.1	0.85	3.039726151
0.1	0.95	2.475007702
0.1	1.05	2.475007702
0.1	1.2	2.062579822
0.1	1.4	2.062579822
0.1	1.6	2.062579822
0.1	1.9	2.062579822
0.1	2.2	1.443479866
0.1	2.4	1.443479866
0.1	2.7	1.443479866
0.1	3	1.443479866
0.1	3.141592654	1.443479866
0.13	1e-05	376.9499712
0.13	5e-05	376.9499712
0.13	0.0001	376.9499712
0.13	0.0003	376.9499712
0.13	0.0006	376.9499712
0.13	0.001	376.9499712
0.13	0.002	376.9499712
0.13	0.004	376.9499712
0.13	0.006	376.9499712
0.13	0.008	376.9499712
0.13	0.01	372.8295759
0.13	0.01122018454	372.8295759
0.13	0.01258925412	306.9018956
0.13	0.01412537545	255.3931479
0.13	0.01584893192	249.2119209
0.13	0.0177827941	230.6675581
0.13	0.01995262315	216.7883452
0.13	0.02238721139	216.7883452
0.13	0.02511886432	198.2465137
0.13	0.02818382931	198.2465137
0.13	0.0316227766	144.6966206
0.13	0.03548133892	144.6966206
0.13	0.03981071706	115.8514106
0.13	0.04466835922	109.6693013
0.13	0.05011872336	109.6693013
0.13	0.05623413252	78.75802253
0.13	0.06309573445	69.48220633
0.13	0.07079457844	66.38960404
0.13	0.07943282347	66.38960404
0.13	0.08912509381	58.69091166
0.13	0.1	53.7454972
0.13	0.1122018454	38.30729555
0.13	0.1258925412	36.04532973
0.13	0.1412537545	33.57291625
0.13	0.1584893192	26.05904392
0.13	0.177827941	26.05904392
0.13	0.1995262315	24.82280598
0.13	0.2238721139	18.64063139
0.13	0.2511886432	14.93127111
0.13	0.2818382931	14.93127111
0.13	0.316227766	14.93127111
0.13	0.3548133892	13.0759495
0.13	0.3981071706	10.76219149
0.13	0.4466835922	8.395688136
0.13	0.5011872336	7.470067442
0.13	0.5623413252	5.946221214
0.13	0.6309573445	5.575222442
0.13	0.7079457844	4.338686161
0.13	0.7943282347	3.720221095
0.13	0.85	3.22534338
0.13	0.95	2.813838771
0.13	1.05	2.730282105
0.13	1.2	2.268813197
0.13	1.4	2.268813197
0.13	1.6	2.268813197
0.13	1.9	2.062579822
0.13	2.2	1.443479866
0.13	2.4	1.443479866
0.13	2.7	1.443479866
0.13	3	1.443479866
0.13	3.141592654	1.443479866
0.15	1e-05	376.9499712
0.15	5e-05	376.9499712
0.15	0.0001	376.9499712
0.15	0.0003	376.9499712
0.15	0.0006	376.9499712
0.15	0.001	376.9499712
0.15	0.002	376.9499712
0.15	0.004	376.9499712
0.15	0.006	376.9499712
0.15	0.008	376.9499712
0.15	0.01	376.9499712
0.15	0.01122018454	376.9499712
0.15	0.01258925412	315.1430727
0.15	0.01412537545	263.6348532
0.15	0.01584893192	253.3328083
0.15	0.0177827941	222.4255369
0.15	0.01995262315	199.2935154
0.15	0.02238721139	199.2935154
0.15	0.02511886432	168.3904629
0.15	0.02818382931	168.3904629
0.15	0.0316227766	163.2398418
0.15	0.03548133892	163.2398418
0.15	0.03981071706	122.0329857
0.15	0.04466835922	122.0329857
0.15	0.05011872336	122.0329857
0.15	0.05623413252	80.81913903
0.15	0.06309573445	65.35944536
0.15	0.07079457844	60.2051082
0.15	0.07943282347	60.2051082
0.15	0.08912509381	47.37395424
0.15	0.1	39.13159681
0.15	0.1122018454	39.13159681
0.15	0.1258925412	39.13159681
0.15	0.1412537545	39.13159681
0.15	0.1584893192	27.29529199
0.15	0.177827941	27.29529199
0.15	0.1995262315	25.23489542
0.15	0.2238721139	14.93127111
0.15	0.2511886432	14.93127111
0.15	0.2818382931	14.93127111
0.15	0.316227766	14.93127111
0.15	0.3548133892	13.90061322
0.15	0.3981071706	10.04434987
0.15	0.4466835922	7.983498373
0.15	0.5011872336	6.440797216
0.15	0.5623413252	6.440797216
0.15	0.6309573445	6.440797216
0.15	0.7079457844	4.586048252
0.15	0.7943282347	3.967643025
0.15	0.85	3.3490882
0.15	0.95	3.039726151
0.15	1.05	2.539510024
0.15	1.2	2.268813197
0.15	1.4	2.091991757
0.15	1.6	2.033003674
0.15	1.9	1.88569412
0.15	2.2	1.443479866
0.15	2.4	1.443479866
0.15	2.7	1.443479866
0.15	3	1.443479866
0.15	3.141592654	1.443479866
0.2	1e-05	376.9499712
0.2	5e-05	376.9499712
0.2	0.0001	376.9499712
0.2	0.0003	376.9499712
0.2	0.0006	376.9499712
0.2	0.001	376.9499712
0.2	0.002	376.9499712
0.2	0.004	376.9499712
0.2	0.006	376.9499712
0.2	0.008	376.9499712
0.2	0.01	346.04683
0.2	0.01122018454	346.04683
0.2	0.01258925412	335.7456544
0.2	0.01412537545	335.7456544
0.2	0.01584893192	304.841651
0.2	0.0177827941	212.1226423
0.2	0.01995262315	199.2935154
0.2	0.02238721139	199.2935154
0.2	0.02511886432	188.9926088
0.2	0.02818382931	147.7877188
0.2	0.0316227766	147.7877188
0.2	0.03548133892	147.7877188
0.2	0.03981071706	127.1840856
0.2	0.04466835922	111.7304815
0.2	0.05011872336	111.7304815
0.2	0.05623413252	111.7304815
0.2	0.06309573445	111.7304815
0.2	0.07079457844	60.2051082
0.2	0.07943282347	60.2051082
0.2	0.08912509381	60.2051082
0.2	0.1	41.1922746
0.2	0.1122018454	41.1922746
0.2	0.1258925412	37.07084367
0.2	0.1412537545	37.07084367
0.2	0.1584893192	26.26510149
0.2	0.177827941	22.14416221
0.2	0.1995262315	22.14416221
0.2	0.2238721139	20.08354804
0.2	0.2511886432	20.08354804
0.2	0.2818382931	14.93127111
0.2	0.316227766	11.83895392
0.2	0.3548133892	11.83895392
0.2	0.3981071706	10.80788698
0.2	0.4466835922	10.04434987
0.2	0.5011872336	7.468212087
0.2	0.5623413252	7.058959426
0.2	0.6309573445	7.058959426
0.2	0.7079457844	4.586048252
0.2	0.7943282347	3.967643025
0.2	0.85	3.967643025
0.2	0.95	3.039726151
0.2	1.05	3.039726151
0.2	1.2	2.268813197
0.2	1.4	2.268813197
0.2	1.6	2.268813197
0.2	1.9	2.268813197
0.2	2.2	2.268813197
0.2	2.4	2.268813197
0.2	2.7	2.268813197
0.2	3	2.268813197
0.2	3.141592654	2.268813197
0.25	1e-05	376.9499712
0.25	5e-05	376.9499712
0.25	0.0001	376.9499712
0.25	0.0003	376.9499712
0.25	0.0006	376.9499712
0.25	0.001	376.9499712
0.25	0.002	376.9499712
0.25	0.004	376.9499712
0.25	0.006	376.9499712
0.25	0.008	366.648983
0.25	0.01	356.3479376
0.25	0.01122018454	346.04683
0.25	0.01258925412	346.04683
0.25	0.01412537545	294.5401299
0.25	0.01584893192	273.9367444
0.25	0.0177827941	273.9367444
0.25	0.01995262315	243.0305899
0.25	0.02238721139	232.7281753
0.25	0.02511886432	158.0891802
0.25	0.02818382931	158.0891802
0.25	0.0316227766	147.7877188
0.25	0.03548133892	116.8817888
0.25	0.03981071706	91.12377474
0.25	0.04466835922	91.12377474
0.25	0.05011872336	85.97159576
0.25	0.05623413252	85.97159576
0.25	0.06309573445	65.35944536
0.25	0.07079457844	65.35944536
0.25	0.07943282347	60.2051082
0.25	0.08912509381	55.0499592
0.25	0.1	45.31344527
0.25	0.1122018454	45.31344527
0.25	0.1258925412	45.31344527
0.25	0.1412537545	33.47618884
0.25	0.1584893192	28.32546865
0.25	0.177827941	25.23489542
0.25	0.1995262315	22.14416221
0.25	0.2238721139	18.02279346
0.25	0.2511886432	15.96184407
0.25	0.2818382931	15.96184407
0.25	0.316227766	11.83895392
0.25	0.3548133892	11.83895392
0.25	0.3981071706	11.83895392
0.25	0.4466835922	10.80788698
0.25	0.5011872336	7.468212087
0.25	0.5623413252	7.468212087
0.25	0.6309573445	7.468212087
0.25	0.7079457844	3.658389054
0.25	0.7943282347	3.658389054
0.25	0.85	3.039726151
0.25	0.95	2.730282105
0.25	1.05	2.730282105
0.25	1.2	2.268813197
0.25	1.4	1.856294622
0.25	1.6	1.443479866
0.25	1.9	1.340174311
0.25	2.2	1.236868757
0.25	2.4	1.236868757
0.25	2.7	1.133440816
0.25	3	1.030012875
0.25	3.141592654	1.030012875
0.3	1e-05	376.9499712
0.3	5e-05	376.9499712
0.3	0.0001	376.9499712
0.3	0.0003	376.9499712
0.3	0.0006	376.9499712
0.3	0.001	376.9499712
0.3	0.002	376.9499712
0.3	0.004	376.9499712
0.3	0.006	376.9499712
0.3	0.008	376.9499712
0.3	0.01	376.9499712
0.3	0.01122018454	376.9499712
0.3	0.01258925412	376.9499712
0.3	0.01412537545	376.9499712
0.3	0.01584893192	263.6348532
0.3	0.0177827941	263.6348532
0.3	0.01995262315	222.4255369
0.3	0.02238721139	212.1226423
0.3	0.02511886432	212.1226423
0.3	0.02818382931	163.2398418
0.3	0.0316227766	142.6369089
0.3	0.03548133892	142.6369089
0.3	0.03981071706	116.8817888
0.3	0.04466835922	116.8817888
0.3	0.05011872336	96.27572055
0.3	0.05623413252	91.12377474
0.3	0.06309573445	91.12377474
0.3	0.07079457844	65.35944536
0.3	0.07943282347	65.35944536
0.3	0.08912509381	65.35944536
0.3	0.1	55.0499592
0.3	0.1122018454	45.31344527
0.3	0.1258925412	37.07084367
0.3	0.1412537545	30.38578602
0.3	0.1584893192	28.32546865
0.3	0.177827941	24.20467182
0.3	0.1995262315	24.20467182
0.3	0.2238721139	18.02279346
0.3	0.2511886432	16.99234754
0.3	0.2818382931	14.93127111
0.3	0.316227766	11.83895392
0.3	0.3548133892	11.83895392
0.3	0.3981071706	9.529171516
0.3	0.4466835922	9.01397278
0.3	0.5011872336	9.01397278
0.3	0.5623413252	6.440797216
0.3	0.6309573445	5.822600568
0.3	0.7079457844	4.276860282
0.3	0.7943282347	3.3490882
0.3	0.85	3.3490882
0.3	0.95	3.039726151
0.3	1.05	2.475007702
0.3	1.2	2.475007702
0.3	1.4	2.475007702
0.3	1.6	2.475007702
0.3	1.9	1.236868757
0.3	2.2	1.236868757
0.3	2.4	1.236868757
0.3	2.7	1.236868757
0.3	3	1.030012875
0.3	3.141592654	0.8227276114
0.35	1e-05	376.9499712
0.35	5e-05	376.9499712
0.35	0.0001	376.9499712
0.35	0.0003	376.9499712
0.35	0.0006	376.9499712
0.35	0.001	376.9499712
0.35	0.002	376.9499712
0.35	0.004	376.9499712
0.35	0.006	376.9499712
0.35	0.008	366.648983
0.35	0.01	366.648983
0.35	0.01122018454	356.3479376
0.35	0.01258925412	356.3479376
0.35	0.01412537545	356.3479376
0.35	0.01584893192	273.9367444
0.35	0.0177827941	273.9367444
0.35	0.01995262315	273.9367444
0.35	0.02238721139	273.9367444
0.35	0.02511886432	212.1226423
0.35	0.02818382931	212.1226423
0.35	0.0316227766	147.7877188
0.35	0.03548133892	142.6369089
0.35	0.03981071706	127.1840856
0.35	0.04466835922	116.8817888
0.35	0.05011872336	116.8817888
0.35	0.05623413252	106.5790479
0.35	0.06309573445	65.35944536
0.35	0.07079457844	65.35944536
0.35	0.07943282347	65.35944536
0.35	0.08912509381	65.35944536
0.35	0.1	49.43442079
0.35	0.1122018454	43.25288782
0.35	0.1258925412	43.25288782
0.35	0.1412537545	33.47618884
0.35	0.1584893192	33.47618884
0.35	0.177827941	32.44606309
0.35	0.1995262315	27.29529199
0.35	0.2238721139	22.14416221
0.35	0.2511886432	16.99234754
0.35	0.2818382931	14.93127111
0.35	0.316227766	12.86985
0.35	0.3548133892	12.86985
0.35	0.3981071706	9.529171516
0.35	0.4466835922	7.983498373
0.35	0.5011872336	7.983498373
0.35	0.5623413252	5.822600568
0.35	0.6309573445	5.20435721
0.35	0.7079457844	4.895212485
0.35	0.7943282347	3.967643025
0.35	0.85	3.967643025
0.35	0.95	3.658389054
0.35	1.05	3.3490882
0.35	1.2	3.3490882
0.35	1.4	2.062579822
0.35	1.6	1.856294622
0.35	1.9	1.236868757
0.35	2.2	1.236868757
0.35	2.4	1.236868757
0.35	2.7	1.236868757
0.35	3	1.030012875
0.35	3.141592654	0.9263702432
0.4	1e-05	376.9499712
0.4	5e-05	376.9499712
0.4	0.0001	376.9499712
0.4	0.0003	376.9499712
0.4	0.0006	376.9499712
0.4	0.001	376.9499712
0.4	0.002	376.9499712
0.4	0.004	376.9499712
0.4	0.006	376.9499712
0.4	0.008	366.648983
0.4	0.01	366.648983
0.4	0.01122018454	346.04683
0.4	0.01258925412	346.04683
0.4	0.01412537545	346.04683
0.4	0.01584893192	346.04683
0.4	0.0177827941	346.04683
0.4	0.01995262315	243.0305899
0.4	0.02238721139	243.0305899
0.4	0.02511886432	243.0305899
0.4	0.02818382931	183.8421174
0.4	0.0316227766	183.8421174
0.4	0.03548133892	111.7304815
0.4	0.03981071706	111.7304815
0.4	0.04466835922	111.7304815
0.4	0.05011872336	101.4274687
0.4	0.05623413252	91.12377474
0.4	0.06309573445	91.12377474
0.4	0.07079457844	91.12377474
0.4	0.07943282347	60.2051082
0.4	0.08912509381	60.2051082
0.4	0.1	60.2051082
0.4	0.1122018454	39.13159681
0.4	0.1258925412	39.13159681
0.4	0.1412537545	31.4159291
0.4	0.1584893192	30.38578602
0.4	0.177827941	27.29529199
0.4	0.1995262315	25.23489542
0.4	0.2238721139	23.17442834
0.4	0.2511886432	21.11387011
0.4	0.2818382931	14.93127111
0.4	0.316227766	13.90061322
0.4	0.3548133892	10.04434987
0.4	0.3981071706	10.04434987
0.4	0.4466835922	9.01397278
0.4	0.5011872336	6.749882034
0.4	0.5623413252	6.749882034
0.4	0.6309573445	5.51348571
0.4	0.7079457844	5.51348571
0.4	0.7943282347	5.51348571
0.4	0.85	4.276860282
0.4	0.95	4.276860282
0.4	1.05	2.475007702
0.4	1.2	2.268813197
0.4	1.4	1.856294622
0.4	1.6	1.443479866
0.4	1.9	1.236868757
0.4	2.2	1.236868757
0.4	2.4	1.236868757
0.4	2.7	1.236868757
0.4	3	1.236868757
0.4	3.141592654	1.236868757
0.45	1e-05	376.9499712
0.45	5e-05	376.9499712
0.45	0.0001	376.9499712
0.45	0.0003	376.9499712
0.45	0.0006	376.9499712
0.45	0.001	376.9499712
0.45	0.002	376.9499712
0.45	0.004	376.9499712
0.45	0.006	376.9499712
0.45	0.008	366.648983
0.45	0.01	366.648983
0.45	0.01122018454	366.648983
0.45	0.01258925412	366.648983
0.45	0.01412537545	366.648983
0.45	0.01584893192	315.1430727
0.45	0.0177827941	284.2384985
0.45	0.01995262315	232.7281753
0.45	0.02238721139	204.4439344
0.45	0.02511886432	204.4439344
0.45	0.02818382931	204.4439344
0.45	0.0316227766	188.9926088
0.45	0.03548133892	188.9926088
0.45	0.03981071706	116.8817888
0.45	0.04466835922	116.8817888
0.45	0.05011872336	116.8817888
0.45	0.05623413252	96.27572055
0.45	0.06309573445	91.12377474
0.45	0.07079457844	91.12377474
0.45	0.07943282347	60.2051082
0.45	0.08912509381	51.49485
0.45	0.1	51.49485
0.45	0.1122018454	51.49485
0.45	0.1258925412	39.13159681
0.45	0.1412537545	39.13159681
0.45	0.1584893192	32.44606309
0.45	0.177827941	32.44606309
0.45	0.1995262315	25.23489542
0.45	0.2238721139	21.11387011
0.45	0.2511886432	21.11387011
0.45	0.2818382931	19.05319115
0.45	0.316227766	19.05319115
0.45	0.3548133892	11.83895392
0.45	0.3981071706	10.04434987
0.45	0.4466835922	10.04434987
0.45	0.5011872336	7.468212087
0.45	0.5623413252	6.440797216
0.45	0.6309573445	4.895212485
0.45	0.7079457844	4.276860282
0.45	0.7943282347	3.967643025
0.45	0.85	3.658389054
0.45	0.95	3.3490882
0.45	1.05	3.3490882
0.45	1.2	2.268813197
0.45	1.4	2.268813197
0.45	1.6	1.649938157
0.45	1.9	1.340174311
0.45	2.2	1.236868757
0.45	2.4	1.236868757
0.45	2.7	1.236868757
0.45	3	1.236868757
0.45	3.141592654	1.236868757
0.5	1e-05	376.9499712
0.5	5e-05	376.9499712
0.5	0.0001	376.9499712
0.5	0.0003	376.9499712
0.5	0.0006	376.9499712
0.5	0.001	376.9499712
0.5	0.002	376.9499712
0.5	0.004	376.9499712
0.5	0.006	376.9499712
0.5	0.008	366.648983
0.5	0.01	356.3479376
0.5	0.01122018454	346.04683
0.5	0.01258925412	346.04683
0.5	0.01412537545	346.04683
0.5	0.01584893192	346.04683
0.5	0.0177827941	346.04683
0.5	0.01995262315	346.04683
0.5	0.02238721139	243.0305899
0.5	0.02511886432	183.8421174
0.5	0.02818382931	183.8421174
0.5	0.0316227766	183.8421174
0.5	0.03548133892	183.8421174
0.5	0.03981071706	168.3904629
0.5	0.04466835922	132.3351
0.5	0.05011872336	106.5790479
0.5	0.05623413252	96.27572055
0.5	0.06309573445	85.97159576
0.5	0.07079457844	80.81913903
0.5	0.07943282347	60.2051082
0.5	0.08912509381	51.49485
0.5	0.1	51.49485
0.5	0.1122018454	51.49485
0.5	0.1258925412	39.13159681
0.5	0.1412537545	39.13159681
0.5	0.1584893192	39.13159681
0.5	0.177827941	26.26510149
0.5	0.1995262315	26.26510149
0.5	0.2238721139	20.08354804
0.5	0.2511886432	20.08354804
0.5	0.2818382931	14.93127111
0.5	0.316227766	14.93127111
0.5	0.3548133892	11.83895392
0.5	0.3981071706	11.83895392
0.5	0.4466835922	11.83895392
0.5	0.5011872336	8.498749954
0.5	0.5623413252	6.440797216
0.5	0.6309573445	5.51348571
0.5	0.7079457844	5.51348571
0.5	0.7943282347	3.967643025
0.5	0.85	3.967643025
0.5	0.95	3.3490882
0.5	1.05	3.039726151
0.5	1.2	2.268813197
0.5	1.4	2.268813197
0.5	1.6	2.268813197
0.5	1.9	1.443479866
0.5	2.2	1.236868757
0.5	2.4	1.236868757
0.5	2.7	1.236868757
0.5	3	1.236868757
0.5	3.141592654	0.8227276114
0.54	1e-05	376.9499712
0.54	5e-05	376.9499712
0.54	0.0001	376.9499712
0.54	0.0003	376.9499712
0.54	0.0006	376.9499712
0.54	0.001	376.9499712
0.54	0.002	376.9499712
0.54	0.004	376.9499712
0.54	0.006	376.9499712
0.54	0.008	366.648983
0.54	0.01	364.5887739
0.54	0.01122018454	362.5285524
0.54	0.01258925412	362.5285524
0.54	0.01412537545	321.3238242
0.54	0.01584893192	321.3238242
0.54	0.0177827941	296.6001648
0.54	0.01995262315	238.9074798
0.54	0.02238721139	212.1612655
0.54	0.02511886432	200.323571
0.54	0.02818382931	200.323571
0.54	0.0316227766	159.1192028
0.54	0.03548133892	159.1192028
0.54	0.03981071706	139.5461726
0.54	0.04466835922	132.3351
0.54	0.05011872336	114.8212406
0.54	0.05623413252	104.5183824
0.54	0.06309573445	94.21489559
0.54	0.07079457844	76.69690604
0.54	0.07943282347	72.57409987
0.54	0.08912509381	66.70948898
0.54	0.1	54.33893736
0.54	0.1122018454	54.33893736
0.54	0.1258925412	51.86628672
0.54	0.1412537545	45.72548275
0.54	0.1584893192	33.78316983
0.54	0.177827941	28.73752662
0.54	0.1995262315	27.08925389
0.54	0.2238721139	21.73203938
0.54	0.2511886432	18.43494438
0.54	0.2818382931	14.1067448
0.54	0.316227766	14.1067448
0.54	0.3548133892	13.48828136
0.54	0.3981071706	11.83895392
0.54	0.4466835922	11.83895392
0.54	0.5011872336	8.498749954
0.54	0.5623413252	6.68806507
0.54	0.6309573445	6.00806022
0.54	0.7079457844	4.771535744
0.54	0.7943282347	4.462367207
0.54	0.85	3.720239848
0.54	0.95	3.3490882
0.54	1.05	3.039726151
0.54	1.2	2.88554356
0.54	1.4	2.103826497
0.54	1.6	2.103826497
0.54	1.9	1.443479866
0.54	2.2	1.236868757
0.54	2.4	1.236868757
0.54	2.7	1.236868757
0.54	3	1.236868757
0.54	3.141592654	1.154040528
0.55	1e-05	376.9499712
0.55	5e-05	376.9499712
0.55	0.0001	376.9499712
0.55	0.0003	376.9499712
0.55	0.0006	376.9499712
0.55	0.001	376.9499712
0.55	0.002	376.9499712
0.55	0.004	376.9499712
0.55	0.006	376.9499712
0.55	0.008	366.648983
0.55	0.01	366.648983
0.55	0.01122018454	366.648983
0.55	0.01258925412	366.648983
0.55	0.01412537545	315.1430727
0.55	0.01584893192	315.1430727
0.55	0.0177827941	284.2384985
0.55	0.01995262315	212.1226423
0.55	0.02238721139	204.4439344
0.55	0.02511886432	204.4439344
0.55	0.02818382931	204.4439344
0.55	0.0316227766	152.9384741
0.55	0.03548133892	152.9384741
0.55	0.03981071706	132.3351
0.55	0.04466835922	132.3351
0.55	0.05011872336	116.8817888
0.55	0.05623413252	106.5790479
0.55	0.06309573445	96.27572055
0.55	0.07079457844	75.66634779
0.55	0.07943282347	75.66634779
0.55	0.08912509381	70.51314872
0.55	0.1	55.0499592
0.55	0.1122018454	55.0499592
0.55	0.1258925412	55.0499592
0.55	0.1412537545	47.37395424
0.55	0.1584893192	32.44606309
0.55	0.177827941	29.3556329
0.55	0.1995262315	27.29529199
0.55	0.2238721139	22.14416221
0.55	0.2511886432	18.02279346
0.55	0.2818382931	13.90061322
0.55	0.316227766	13.90061322
0.55	0.3548133892	13.90061322
0.55	0.3981071706	11.83895392
0.55	0.4466835922	11.83895392
0.55	0.5011872336	8.498749954
0.55	0.5623413252	6.749882034
0.55	0.6309573445	6.131703847
0.55	0.7079457844	4.586048252
0.55	0.7943282347	4.586048252
0.55	0.85	3.658389054
0.55	0.95	3.3490882
0.55	1.05	3.039726151
0.55	1.2	3.039726151
0.55	1.4	2.062579822
0.55	1.6	2.062579822
0.55	1.9	1.236868757
0.55	2.2	1.236868757
0.55	2.4	1.236868757
0.55	2.7	1.236868757
0.55	3	1.236868757
0.55	3.141592654	1.236868757
0.6	1e-05	376.9499712
0.6	5e-05	376.9499712
0.6	0.0001	376.9499712
0.6	0.0003	376.9499712
0.6	0.0006	376.9499712
0.6	0.001	376.9499712
0.6	0.002	376.9499712
0.6	0.004	376.9499712
0.6	0.006	376.9499712
0.6	0.008	376.9499712
0.6	0.01	376.9499712
0.6	0.01122018454	376.9499712
0.6	0.01258925412	366.648983
0.6	0.01412537545	366.648983
0.6	0.01584893192	366.648983
0.6	0.0177827941	366.648983
0.6	0.01995262315	263.6348532
0.6	0.02238721139	212.1226423
0.6	0.02511886432	178.6915977
0.6	0.02818382931	163.2398418
0.6	0.0316227766	163.2398418
0.6	0.03548133892	132.3351
0.6	0.03981071706	132.3351
0.6	0.04466835922	132.3351
0.6	0.05011872336	127.1840856
0.6	0.05623413252	91.12377474
0.6	0.06309573445	85.97159576
0.6	0.07079457844	75.66634779
0.6	0.07943282347	75.66634779
0.6	0.08912509381	75.66634779
0.6	0.1	47.37395424
0.6	0.1122018454	41.1922746
0.6	0.1258925412	41.1922746
0.6	0.1412537545	41.1922746
0.6	0.1584893192	41.1922746
0.6	0.177827941	34.50630708
0.6	0.1995262315	22.14416221
0.6	0.2238721139	19.05319115
0.6	0.2511886432	19.05319115
0.6	0.2818382931	14.93127111
0.6	0.316227766	13.90061322
0.6	0.3548133892	13.90061322
0.6	0.3981071706	9.529171516
0.6	0.4466835922	8.498749954
0.6	0.5011872336	8.498749954
0.6	0.5623413252	6.749882034
0.6	0.6309573445	6.749882034
0.6	0.7079457844	5.20435721
0.6	0.7943282347	4.586048252
0.6	0.85	4.586048252
0.6	0.95	3.658389054
0.6	1.05	3.658389054
0.6	1.2	3.3490882
0.6	1.4	2.268813197
0.6	1.6	2.062579822
0.6	1.9	0.9056417168
0.6	2.2	0.9056417168
0.6	2.4	0.9056417168
0.6	2.7	0.8227276114
0.6	3	0.8227276114
0.6	3.141592654	0.8227276114
0.65	1e-05	376.9499712
0.65	5e-05	376.9499712
0.65	0.0001	376.9499712
0.65	0.0003	376.9499712
0.65	0.0006	376.9499712
0.65	0.001	376.9499712
0.65	0.002	376.9499712
0.65	0.004	376.9499712
0.65	0.006	376.9499712
0.65	0.008	366.648983
0.65	0.01	366.648983
0.65	0.01122018454	366.648983
0.65	0.01258925412	346.04683
0.65	0.01412537545	325.4444044
0.65	0.01584893192	325.4444044
0.65	0.0177827941	243.0305899
0.65	0.01995262315	222.4255369
0.65	0.02238721139	222.4255369
0.65	0.02511886432	222.4255369
0.65	0.02818382931	212.1226423
0.65	0.0316227766	163.2398418
0.65	0.03548133892	152.9384741
0.65	0.03981071706	137.4860383
0.65	0.04466835922	137.4860383
0.65	0.05011872336	137.4860383
0.65	0.05623413252	91.12377474
0.65	0.06309573445	91.12377474
0.65	0.07079457844	80.81913903
0.65	0.07943282347	70.51314872
0.65	0.08912509381	60.2051082
0.65	0.1	55.0499592
0.65	0.1122018454	47.37395424
0.65	0.1258925412	43.25288782
0.65	0.1412537545	43.25288782
0.65	0.1584893192	28.32546865
0.65	0.177827941	28.32546865
0.65	0.1995262315	28.32546865
0.65	0.2238721139	21.11387011
0.65	0.2511886432	21.11387011
0.65	0.2818382931	18.02279346
0.65	0.316227766	15.96184407
0.65	0.3548133892	12.86985
0.65	0.3981071706	12.86985
0.65	0.4466835922	9.529171516
0.65	0.5011872336	9.529171516
0.65	0.5623413252	6.749882034
0.65	0.6309573445	5.51348571
0.65	0.7079457844	5.51348571
0.65	0.7943282347	3.967643025
0.65	0.85	3.967643025
0.65	0.95	3.3490882
0.65	1.05	3.3490882
0.65	1.2	2.730282105
0.65	1.4	2.730282105
0.65	1.6	1.856294622
0.65	1.9	1.856294622
0.65	2.2	1.856294622
0.65	2.4	1.856294622
0.65	2.7	1.856294622
0.65	3	1.856294622
0.65	3.141592654	1.856294622
0.7	1e-05	376.9499712
0.7	5e-05	376.9499712
0.7	0.0001	376.9499712
0.7	0.0003	376.9499712
0.7	0.0006	376.9499712
0.7	0.001	376.9499712
0.7	0.002	376.9499712
0.7	0.004	376.9499712
0.7	0.006	376.9499712
0.7	0.008	376.9499712
0.7	0.01	376.9499712
0.7	0.01122018454	366.648983
0.7	0.01258925412	325.4444044
0.7	0.01412537545	325.4444044
0.7	0.01584893192	304.841651
0.7	0.0177827941	304.841651
0.7	0.01995262315	284.2384985
0.7	0.02238721139	232.7281753
0.7	0.02511886432	212.1226423
0.7	0.02818382931	152.9384741
0.7	0.0316227766	152.9384741
0.7	0.03548133892	152.9384741
0.7	0.03981071706	152.9384741
0.7	0.04466835922	137.4860383
0.7	0.05011872336	111.7304815
0.7	0.05623413252	106.5790479
0.7	0.06309573445	106.5790479
0.7	0.07079457844	106.5790479
0.7	0.07943282347	70.51314872
0.7	0.08912509381	65.35944536
0.7	0.1	60.2051082
0.7	0.1122018454	51.49485
0.7	0.1258925412	39.13159681
0.7	0.1412537545	39.13159681
0.7	0.1584893192	39.13159681
0.7	0.177827941	24.20467182
0.7	0.1995262315	22.14416221
0.7	0.2238721139	21.11387011
0.7	0.2511886432	21.11387011
0.7	0.2818382931	18.02279346
0.7	0.316227766	18.02279346
0.7	0.3548133892	10.80788698
0.7	0.3981071706	10.04434987
0.7	0.4466835922	8.498749954
0.7	0.5011872336	7.983498373
0.7	0.5623413252	7.468212087
0.7	0.6309573445	5.822600568
0.7	0.7079457844	5.51348571
0.7	0.7943282347	4.895212485
0.7	0.85	3.967643025
0.7	0.95	3.658389054
0.7	1.05	3.3490882
0.7	1.2	2.730282105
0.7	1.4	2.475007702
0.7	1.6	1.856294622
0.7	1.9	1.236868757
0.7	2.2	1.236868757
0.7	2.4	1.236868757
0.7	2.7	1.236868757
0.7	3	1.236868757
0.7	3.141592654	1.236868757
0.74	1e-05	376.9499712
0.74	5e-05	376.9499712
0.74	0.0001	376.9499712
0.74	0.0003	376.9499712
0.74	0.0006	376.9499712
0.74	0.001	376.9499712
0.74	0.002	376.9499712
0.74	0.004	376.9499712
0.74	0.006	376.9499712
0.74	0.008	376.9499712
0.74	0.01	376.9499712
0.74	0.01122018454	366.648983
0.74	0.01258925412	366.648983
0.74	0.01412537545	346.04683
0.74	0.01584893192	325.4444044
0.74	0.0177827941	325.4444044
0.74	0.01995262315	263.6348532
0.74	0.02238721139	243.0305899
0.74	0.02511886432	199.2935154
0.74	0.02818382931	188.9926088
0.74	0.0316227766	188.9926088
0.74	0.03548133892	137.4860383
0.74	0.03981071706	137.4860383
0.74	0.04466835922	137.4860383
0.74	0.05011872336	101.4274687
0.74	0.05623413252	101.4274687
0.74	0.06309573445	80.81913903
0.74	0.07079457844	70.51314872
0.74	0.07943282347	70.51314872
0.74	0.08912509381	55.0499592
0.74	0.1	49.43442079
0.74	0.1122018454	49.43442079
0.74	0.1258925412	39.13159681
0.74	0.1412537545	37.07084367
0.74	0.1584893192	30.38578602
0.74	0.177827941	30.38578602
0.74	0.1995262315	23.17442834
0.74	0.2238721139	23.17442834
0.74	0.2511886432	20.08354804
0.74	0.2818382931	15.96184407
0.74	0.316227766	12.86985
0.74	0.3548133892	12.86985
0.74	0.3981071706	10.04434987
0.74	0.4466835922	10.04434987
0.74	0.5011872336	8.498749954
0.74	0.5623413252	8.498749954
0.74	0.6309573445	8.498749954
0.74	0.7079457844	5.51348571
0.74	0.7943282347	4.586048252
0.74	0.85	3.967643025
0.74	0.95	3.967643025
0.74	1.05	3.039726151
0.74	1.2	2.475007702
0.74	1.4	2.268813197
0.74	1.6	1.856294622
0.74	1.9	1.649938157
0.74	2.2	1.649938157
0.74	2.4	1.649938157
0.74	2.7	1.649938157
0.74	3	1.649938157
0.74	3.141592654	1.649938157
0.75	1e-05	376.9499712
0.75	5e-05	376.9499712
0.75	0.0001	376.9499712
0.75	0.0003	376.9499712
0.75	0.0006	376.9499712
0.75	0.001	376.9499712
0.75	0.002	376.9499712
0.75	0.004	376.9499712
0.75	0.006	376.9499712
0.75	0.008	376.9499712
0.75	0.01	376.9499712
0.75	0.01122018454	354.8762463
0.75	0.01258925412	351.9330086
0.75	0.01412537545	331.33063
0.75	0.01584893192	304.8410912
0.75	0.0177827941	298.9540532
0.75	0.01995262315	251.8607628
0.75	0.02238721139	229.0627282
0.75	0.02511886432	187.5208482
0.75	0.02818382931	174.2764458
0.75	0.0316227766	174.2764458
0.75	0.03548133892	133.0708804
0.75	0.03981071706	130.1273078
0.75	0.04466835922	130.1273078
0.75	0.05011872336	101.4274687
0.75	0.05623413252	101.4274687
0.75	0.06309573445	79.34691296
0.75	0.07079457844	69.04066205
0.75	0.07943282347	66.09509457
0.75	0.08912509381	55.0499592
0.75	0.1	51.03886034
0.75	0.1122018454	45.90197018
0.75	0.1258925412	36.63279373
0.75	0.1412537545	35.1608272
0.75	0.1584893192	28.91410299
0.75	0.177827941	28.61975339
0.75	0.1995262315	21.996932
0.75	0.2238721139	21.70253266
0.75	0.2511886432	19.2003479
0.75	0.2818382931	15.96184407
0.75	0.316227766	12.86985
0.75	0.3548133892	12.86985
0.75	0.3981071706	10.85163562
0.75	0.4466835922	9.749956416
0.75	0.5011872336	8.204310563
0.75	0.5623413252	7.999073405
0.75	0.6309573445	7.557494884
0.75	0.7079457844	5.248503579
0.75	0.7943282347	4.586048252
0.75	0.85	3.967643025
0.75	0.95	3.790913075
0.75	1.05	2.951313566
0.75	1.2	2.547943246
0.75	1.4	2.209889376
0.75	1.6	1.797335632
0.75	1.9	1.590950074
0.75	2.2	1.590950074
0.75	2.4	1.590950074
0.75	2.7	1.590950074
0.75	3	1.590950074
0.75	3.141592654	1.590950074
0.775	1e-05	376.9499712
0.775	5e-05	376.9499712
0.775	0.0001	376.9499712
0.775	0.0003	376.9499712
0.775	0.0006	376.9499712
0.775	0.001	376.9499712
0.775	0.002	376.9499712
0.775	0.004	376.9499712
0.775	0.006	376.9499712
0.775	0.008	376.9499712
0.775	0.01	376.9499712
0.775	0.01122018454	325.4444044
0.775	0.01258925412	315.1430727
0.775	0.01412537545	294.5401299
0.775	0.01584893192	253.3328083
0.775	0.0177827941	232.7281753
0.775	0.01995262315	222.4255369
0.775	0.02238721139	194.1430741
0.775	0.02511886432	158.0891802
0.775	0.02818382931	137.4860383
0.775	0.0316227766	137.4860383
0.775	0.03548133892	122.0329857
0.775	0.03981071706	111.7304815
0.775	0.04466835922	111.7304815
0.775	0.05011872336	101.4274687
0.775	0.05623413252	101.4274687
0.775	0.06309573445	75.66634779
0.775	0.07079457844	65.35944536
0.775	0.07943282347	55.0499592
0.775	0.08912509381	55.0499592
0.775	0.1	55.0499592
0.775	0.1122018454	37.07084367
0.775	0.1258925412	30.38578602
0.775	0.1412537545	30.38578602
0.775	0.1584893192	25.23489542
0.775	0.177827941	24.20467182
0.775	0.1995262315	19.05319115
0.775	0.2238721139	18.02279346
0.775	0.2511886432	16.99234754
0.775	0.2818382931	15.96184407
0.775	0.316227766	12.86985
0.775	0.3548133892	12.86985
0.775	0.3981071706	12.86985
0.775	0.4466835922	9.01397278
0.775	0.5011872336	7.468212087
0.775	0.5623413252	6.749882034
0.775	0.6309573445	5.20435721
0.775	0.7079457844	4.586048252
0.775	0.7943282347	4.586048252
0.775	0.85	3.967643025
0.775	0.95	3.3490882
0.775	1.05	2.730282105
0.775	1.2	2.730282105
0.775	1.4	2.062579822
0.775	1.6	1.649938157
0.775	1.9	1.443479866
0.775	2.2	1.443479866
0.775	2.4	1.443479866
0.775	2.7	1.443479866
0.775	3	1.443479866
0.775	3.141592654	1.443479866
0.81	1e-05	376.9499712
0.81	5e-05	376.9499712
0.81	0.0001	376.9499712
0.81	0.0003	376.9499712
0.81	0.0006	376.9499712
0.81	0.001	376.9499712
0.81	0.002	376.9499712
0.81	0.004	376.9499712
0.81	0.006	376.9499712
0.81	0.008	376.9499712
0.81	0.01	376.9499712
0.81	0.01122018454	376.9499712
0.81	0.01258925412	376.9499712
0.81	0.01412537545	366.648983
0.81	0.01584893192	284.2384985
0.81	0.0177827941	284.2384985
0.81	0.01995262315	212.1226423
0.81	0.02238721139	212.1226423
0.81	0.02511886432	173.5410471
0.81	0.02818382931	163.2398418
0.81	0.0316227766	163.2398418
0.81	0.03548133892	147.7877188
0.81	0.03981071706	142.6369089
0.81	0.04466835922	142.6369089
0.81	0.05011872336	91.12377474
0.81	0.05623413252	91.12377474
0.81	0.06309573445	85.97159576
0.81	0.07079457844	70.51314872
0.81	0.07943282347	70.51314872
0.81	0.08912509381	55.0499592
0.81	0.1	55.0499592
0.81	0.1122018454	55.0499592
0.81	0.1258925412	34.50630708
0.81	0.1412537545	34.50630708
0.81	0.1584893192	34.50630708
0.81	0.177827941	26.26510149
0.81	0.1995262315	25.23489542
0.81	0.2238721139	22.14416221
0.81	0.2511886432	19.05319115
0.81	0.2818382931	16.99234754
0.81	0.316227766	13.90061322
0.81	0.3548133892	12.86985
0.81	0.3981071706	11.83895392
0.81	0.4466835922	9.01397278
0.81	0.5011872336	6.749882034
0.81	0.5623413252	6.749882034
0.81	0.6309573445	5.51348571
0.81	0.7079457844	4.895212485
0.81	0.7943282347	4.276860282
0.81	0.85	3.967643025
0.81	0.95	3.967643025
0.81	1.05	3.967643025
0.81	1.2	2.730282105
0.81	1.4	2.475007702
0.81	1.6	1.856294622
0.81	1.9	1.443479866
0.81	2.2	1.443479866
0.81	2.4	1.443479866
0.81	2.7	1.443479866
0.81	3	1.443479866
0.81	3.141592654	1.443479866
0.85	1e-05	376.9499712
0.85	5e-05	376.9499712
0.85	0.0001	376.9499712
0.85	0.0003	376.9499712
0.85	0.0006	376.9499712
0.85	0.001	376.9499712
0.85	0.002	376.9499712
0.85	0.004	376.9499712
0.85	0.006	376.9499712
0.85	0.008	376.9499712
0.85	0.01	366.648983
0.85	0.01122018454	366.648983
0.85	0.01258925412	366.648983
0.85	0.01412537545	366.648983
0.85	0.01584893192	284.2384985
0.85	0.0177827941	284.2384985
0.85	0.01995262315	284.2384985
0.85	0.02238721139	253.3328083
0.85	0.02511886432	253.3328083
0.85	0.02818382931	173.5410471
0.85	0.0316227766	168.3904629
0.85	0.03548133892	137.4860383
0.85	0.03981071706	137.4860383
0.85	0.04466835922	132.3351
0.85	0.05011872336	111.7304815
0.85	0.05623413252	111.7304815
0.85	0.06309573445	80.81913903
0.85	0.07079457844	80.81913903
0.85	0.07943282347	65.35944536
0.85	0.08912509381	65.35944536
0.85	0.1	65.35944536
0.85	0.1122018454	55.0499592
0.85	0.1258925412	49.43442079
0.85	0.1412537545	33.47618884
0.85	0.1584893192	33.47618884
0.85	0.177827941	25.23489542
0.85	0.1995262315	25.23489542
0.85	0.2238721139	23.17442834
0.85	0.2511886432	21.11387011
0.85	0.2818382931	16.99234754
0.85	0.316227766	12.86985
0.85	0.3548133892	11.83895392
0.85	0.3981071706	11.83895392
0.85	0.4466835922	11.83895392
0.85	0.5011872336	9.529171516
0.85	0.5623413252	7.468212087
0.85	0.6309573445	5.822600568
0.85	0.7079457844	5.822600568
0.85	0.7943282347	4.276860282
0.85	0.85	4.276860282
0.85	0.95	3.658389054
0.85	1.05	3.658389054
0.85	1.2	2.730282105
0.85	1.4	2.062579822
0.85	1.6	1.856294622
0.85	1.9	1.277982988
0.85	2.2	1.277982988
0.85	2.4	1.277982988
0.85	2.7	1.277982988
0.85	3	1.277982988
0.85	3.141592654	1.277982988
0.9	1e-05	376.9499712
0.9	5e-05	376.9499712
0.9	0.0001	376.9499712
0.9	0.0003	376.9499712
0.9	0.0006	376.9499712
0.9	0.001	376.9499712
0.9	0.002	376.9499712
0.9	0.004	376.9499712
0.9	0.006	376.9499712
0.9	0.008	376.9499712
0.9	0.01	376.9499712
0.9	0.01122018454	356.3479376
0.9	0.01258925412	356.3479376
0.9	0.01412537545	356.3479376
0.9	0.01584893192	325.4444044
0.9	0.0177827941	325.4444044
0.9	0.01995262315	253.3328083
0.9	0.02238721139	232.7281753
0.9	0.02511886432	173.5410471
0.9	0.02818382931	173.5410471
0.9	0.0316227766	173.5410471
0.9	0.03548133892	173.5410471
0.9	0.03981071706	116.8817888
0.9	0.04466835922	116.8817888
0.9	0.05011872336	116.8817888
0.9	0.05623413252	101.4274687
0.9	0.06309573445	91.12377474
0.9	0.07079457844	70.51314872
0.9	0.07943282347	70.51314872
0.9	0.08912509381	60.2051082
0.9	0.1	60.2051082
0.9	0.1122018454	43.25288782
0.9	0.1258925412	43.25288782
0.9	0.1412537545	43.25288782
0.9	0.1584893192	30.38578602
0.9	0.177827941	26.26510149
0.9	0.1995262315	21.11387011
0.9	0.2238721139	21.11387011
0.9	0.2511886432	19.05319115
0.9	0.2818382931	15.96184407
0.9	0.316227766	15.96184407
0.9	0.3548133892	12.86985
0.9	0.3981071706	12.86985
0.9	0.4466835922	9.529171516
0.9	0.5011872336	9.01397278
0.9	0.5623413252	6.131703847
0.9	0.6309573445	5.51348571
0.9	0.7079457844	4.895212485
0.9	0.7943282347	4.276860282
0.9	0.85	3.967643025
0.9	0.95	3.967643025
0.9	1.05	3.3490882
0.9	1.2	3.3490882
0.9	1.4	2.268813197
0.9	1.6	1.856294622
0.9	1.9	1.443479866
0.9	2.2	1.443479866
0.9	2.4	1.443479866
0.9	2.7	1.443479866
0.9	3	1.443479866
0.9	3.141592654	1.443479866
0.958	1e-05	376.9499712
0.958	5e-05	376.9499712
0.958	0.0001	376.9499712
0.958	0.0003	376.9499712
0.958	0.0006	376.9499712
0.958	0.001	376.9499712
0.958	0.002	376.9499712
0.958	0.004	376.9499712
0.958	0.006	376.9499712
0.958	0.008	376.9499712
0.958	0.01	376.9499712
0.958	0.01122018454	366.648983
0.958	0.01258925412	346.04683
0.958	0.01412537545	335.7456544
0.958	0.01584893192	335.7456544
0.958	0.0177827941	294.5401299
0.958	0.01995262315	253.3328083
0.958	0.02238721139	253.3328083
0.958	0.02511886432	222.4255369
0.958	0.02818382931	222.4255369
0.958	0.0316227766	199.2935154
0.958	0.03548133892	158.0891802
0.958	0.03981071706	116.8817888
0.958	0.04466835922	106.5790479
0.958	0.05011872336	96.27572055
0.958	0.05623413252	96.27572055
0.958	0.06309573445	96.27572055
0.958	0.07079457844	85.97159576
0.958	0.07943282347	75.66634779
0.958	0.08912509381	75.66634779
0.958	0.1	60.2051082
0.958	0.1122018454	60.2051082
0.958	0.1258925412	41.1922746
0.958	0.1412537545	39.13159681
0.958	0.1584893192	34.50630708
0.958	0.177827941	31.4159291
0.958	0.1995262315	24.20467182
0.958	0.2238721139	19.05319115
0.958	0.2511886432	15.96184407
0.958	0.2818382931	14.93127111
0.958	0.316227766	14.93127111
0.958	0.3548133892	13.90061322
0.958	0.3981071706	11.83895392
0.958	0.4466835922	9.01397278
0.958	0.5011872336	8.498749954
0.958	0.5623413252	7.468212087
0.958	0.6309573445	6.440797216
0.958	0.7079457844	6.440797216
0.958	0.7943282347	4.276860282
0.958	0.85	3.967643025
0.958	0.95	3.967643025
0.958	1.05	3.967643025
0.958	1.2	3.3490882
0.958	1.4	2.268813197
0.958	1.6	2.268813197
0.958	1.9	1.54579071
0.958	2.2	1.54579071
0.958	2.4	1.54579071
0.958	2.7	1.54579071
0.958	3	1.54579071
0.958	3.141592654	1.54579071
1	1e-05	376.9499712
1	5e-05	376.9499712
1	0.0001	376.9499712
1	0.0003	376.9499712
1	0.0006	376.9499712
1	0.001	376.9499712
1	0.002	376.9499712
1	0.004	376.9499712
1	0.006	376.9499712
1	0.008	376.9499712
1	0.01	376.9499712
1	0.01122018454	366.648983
1	0.01258925412	366.648983
1	0.01412537545	366.648983
1	0.01584893192	253.3328083
1	0.0177827941	253.3328083
1	0.01995262315	253.3328083
1	0.02238721139	253.3328083
1	0.02511886432	199.2935154
1	0.02818382931	178.6915977
1	0.0316227766	152.9384741
1	0.03548133892	127.1840856
1	0.03981071706	111.7304815
1	0.04466835922	111.7304815
1	0.05011872336	101.4274687
1	0.05623413252	101.4274687
1	0.06309573445	91.12377474
1	0.07079457844	65.35944536
1	0.07943282347	65.35944536
1	0.08912509381	65.35944536
1	0.1	60.2051082
1	0.1122018454	47.37395424
1	0.1258925412	47.37395424
1	0.1412537545	41.1922746
1	0.1584893192	41.1922746
1	0.177827941	25.23489542
1	0.1995262315	25.23489542
1	0.2238721139	19.05319115
1	0.2511886432	19.05319115
1	0.2818382931	19.05319115
1	0.316227766	15.96184407
1	0.3548133892	12.86985
1	0.3981071706	10.04434987
1	0.4466835922	9.529171516
1	0.5011872336	7.983498373
1	0.5623413252	6.749882034
1	0.6309573445	6.440797216
1	0.7079457844	5.822600568
1	0.7943282347	3.967643025
1	0.85	3.658389054
1	0.95	3.658389054
1	1.05	3.039726151
1	1.2	3.039726151
1	1.4	3.039726151
1	1.6	3.039726151
1	1.9	1.649938157
1	2.2	1.649938157
1	2.4	1.649938157
1	2.7	1.649938157
1	3	1.649938157
1	3.141592654	1.649938157
1.022	1e-05	376.9499712
1.022	5e-05	376.9499712
1.022	0.0001	376.9499712
1.022	0.0003	376.9499712
1.022	0.0006	376.9499712
1.022	0.001	376.9499712
1.022	0.002	376.9499712
1.022	0.004	376.9499712
1.022	0.006	376.9499712
1.022	0.008	376.9499712
1.022	0.01	376.9499712
1.022	0.01122018454	376.9499712
1.022	0.01258925412	335.7456544
1.022	0.01412537545	335.7456544
1.022	0.01584893192	304.841651
1.022	0.0177827941	304.841651
1.022	0.01995262315	253.3328083
1.022	0.02238721139	243.0305899
1.022	0.02511886432	243.0305899
1.022	0.02818382931	158.0891802
1.022	0.0316227766	137.4860383
1.022	0.03548133892	137.4860383
1.022	0.03981071706	132.3351
1.022	0.04466835922	132.3351
1.022	0.05011872336	132.3351
1.022	0.05623413252	85.97159576
1.022	0.06309573445	85.97159576
1.022	0.07079457844	85.97159576
1.022	0.07943282347	65.35944536
1.022	0.08912509381	65.35944536
1.022	0.1	49.43442079
1.022	0.1122018454	47.37395424
1.022	0.1258925412	41.1922746
1.022	0.1412537545	41.1922746
1.022	0.1584893192	27.29529199
1.022	0.177827941	26.26510149
1.022	0.1995262315	22.14416221
1.022	0.2238721139	21.11387011
1.022	0.2511886432	19.05319115
1.022	0.2818382931	14.93127111
1.022	0.316227766	14.93127111
1.022	0.3548133892	11.83895392
1.022	0.3981071706	11.83895392
1.022	0.4466835922	11.83895392
1.022	0.5011872336	7.468212087
1.022	0.5623413252	6.440797216
1.022	0.6309573445	5.822600568
1.022	0.7079457844	5.20435721
1.022	0.7943282347	5.20435721
1.022	0.85	4.586048252
1.022	0.95	4.586048252
1.022	1.05	3.658389054
1.022	1.2	3.658389054
1.022	1.4	2.268813197
1.022	1.6	2.062579822
1.022	1.9	1.704399161
1.022	2.2	1.704399161
1.022	2.4	1.704399161
1.022	2.7	1.704399161
1.022	3	1.704399161
1.022	3.141592654	1.704399161
1.06	1e-05	376.9499712
1.06	5e-05	376.9499712
1.06	0.0001	376.9499712
1.06	0.0003	376.9499712
1.06	0.0006	376.9499712
1.06	0.001	376.9499712
1.06	0.002	376.9499712
1.06	0.004	376.9499712
1.06	0.006	376.9499712
1.06	0.008	366.648983
1.06	0.01	366.648983
1.06	0.01122018454	366.648983
1.06	0.01258925412	346.04683
1.06	0.01412537545	315.1430727
1.06	0.01584893192	315.1430727
1.06	0.0177827941	253.3328083
1.06	0.01995262315	253.3328083
1.06	0.02238721139	253.3328083
1.06	0.02511886432	188.9926088
1.06	0.02818382931	188.9926088
1.06	0.0316227766	163.2398418
1.06	0.03548133892	152.9384741
1.06	0.03981071706	142.6369089
1.06	0.04466835922	111.7304815
1.06	0.05011872336	111.7304815
1.06	0.05623413252	80.81913903
1.06	0.06309573445	80.81913903
1.06	0.07079457844	70.51314872
1.06	0.07943282347	60.2051082
1.06	0.08912509381	60.2051082
1.06	0.1	49.43442079
1.06	0.1122018454	45.31344527
1.06	0.1258925412	45.31344527
1.06	0.1412537545	35.53641846
1.06	0.1584893192	35.53641846
1.06	0.177827941	28.32546865
1.06	0.1995262315	28.32546865
1.06	0.2238721139	28.32546865
1.06	0.2511886432	15.96184407
1.06	0.2818382931	15.96184407
1.06	0.316227766	15.96184407
1.06	0.3548133892	11.83895392
1.06	0.3981071706	9.529171516
1.06	0.4466835922	9.529171516
1.06	0.5011872336	9.529171516
1.06	0.5623413252	7.468212087
1.06	0.6309573445	6.131703847
1.06	0.7079457844	4.895212485
1.06	0.7943282347	4.276860282
1.06	0.85	4.276860282
1.06	0.95	4.276860282
1.06	1.05	3.658389054
1.06	1.2	3.039726151
1.06	1.4	2.475007702
1.06	1.6	2.475007702
1.06	1.9	1.798468167
1.06	2.2	1.798468167
1.06	2.4	1.798468167
1.06	2.7	1.798468167
1.06	3	1.798468167
1.06	3.141592654	1.798468167
1.1	1e-05	376.9499712
1.1	5e-05	376.9499712
1.1	0.0001	376.9499712
1.1	0.0003	376.9499712
1.1	0.0006	376.9499712
1.1	0.001	376.9499712
1.1	0.002	376.9499712
1.1	0.004	376.9499712
1.1	0.006	376.9499712
1.1	0.008	376.9499712
1.1	0.01	366.648983
1.1	0.01122018454	356.3479376
1.1	0.01258925412	325.4444044
1.1	0.01412537545	294.5401299
1.1	0.01584893192	294.5401299
1.1	0.0177827941	263.6348532
1.1	0.01995262315	253.3328083
1.1	0.02238721139	212.1226423
1.1	0.02511886432	212.1226423
1.1	0.02818382931	152.9384741
1.1	0.0316227766	147.7877188
1.1	0.03548133892	132.3351
1.1	0.03981071706	132.3351
1.1	0.04466835922	106.5790479
1.1	0.05011872336	106.5790479
1.1	0.05623413252	106.5790479
1.1	0.06309573445	80.81913903
1.1	0.07079457844	80.81913903
1.1	0.07943282347	75.66634779
1.1	0.08912509381	60.2051082
1.1	0.1	49.43442079
1.1	0.1122018454	45.31344527
1.1	0.1258925412	45.31344527
1.1	0.1412537545	30.38578602
1.1	0.1584893192	30.38578602
1.1	0.177827941	27.29529199
1.1	0.1995262315	27.29529199
1.1	0.2238721139	25.23489542
1.1	0.2511886432	15.96184407
1.1	0.2818382931	14.93127111
1.1	0.316227766	13.90061322
1.1	0.3548133892	12.86985
1.1	0.3981071706	10.80788698
1.1	0.4466835922	10.80788698
1.1	0.5011872336	10.80788698
1.1	0.5623413252	7.983498373
1.1	0.6309573445	6.440797216
1.1	0.7079457844	6.131703847
1.1	0.7943282347	5.20435721
1.1	0.85	4.586048252
1.1	0.95	4.586048252
1.1	1.05	3.658389054
1.1	1.2	3.039726151
1.1	1.4	3.039726151
1.1	1.6	3.039726151
1.1	1.9	1.897488173
1.1	2.2	1.897488173
1.1	2.4	1.897488173
1.1	2.7	1.897488173
1.1	3	1.897488173
1.1	3.141592654	1.897488173
1.2	1e-05	376.9499712
1.2	5e-05	376.9499712
1.2	0.0001	376.9499712
1.2	0.0003	376.9499712
1.2	0.0006	376.9499712
1.2	0.001	376.9499712
1.2	0.002	376.9499712
1.2	0.004	376.9499712
1.2	0.006	376.9499712
1.2	0.008	376.9499712
1.2	0.01	366.648983
1.2	0.01122018454	366.648983
1.2	0.01258925412	366.648983
1.2	0.01412537545	366.648983
1.2	0.01584893192	335.7456544
1.2	0.0177827941	335.7456544
1.2	0.01995262315	335.7456544
1.2	0.02238721139	222.4255369
1.2	0.02511886432	222.4255369
1.2	0.02818382931	178.6915977
1.2	0.0316227766	168.3904629
1.2	0.03548133892	168.3904629
1.2	0.03981071706	142.6369089
1.2	0.04466835922	116.8817888
1.2	0.05011872336	111.7304815
1.2	0.05623413252	96.27572055
1.2	0.06309573445	96.27572055
1.2	0.07079457844	85.97159576
1.2	0.07943282347	65.35944536
1.2	0.08912509381	65.35944536
1.2	0.1	65.35944536
1.2	0.1122018454	47.37395424
1.2	0.1258925412	47.37395424
1.2	0.1412537545	47.37395424
1.2	0.1584893192	31.4159291
1.2	0.177827941	28.32546865
1.2	0.1995262315	26.26510149
1.2	0.2238721139	23.17442834
1.2	0.2511886432	18.02279346
1.2	0.2818382931	18.02279346
1.2	0.316227766	13.90061322
1.2	0.3548133892	13.90061322
1.2	0.3981071706	11.83895392
1.2	0.4466835922	9.01397278
1.2	0.5011872336	7.983498373
1.2	0.5623413252	7.058959426
1.2	0.6309573445	6.131703847
1.2	0.7079457844	6.131703847
1.2	0.7943282347	4.895212485
1.2	0.85	4.895212485
1.2	0.95	4.276860282
1.2	1.05	3.3490882
1.2	1.2	3.039726151
1.2	1.4	3.039726151
1.2	1.6	2.268813197
1.2	1.9	2.145038189
1.2	2.2	2.145038189
1.2	2.4	2.145038189
1.2	2.7	2.145038189
1.2	3	2.145038189
1.2	3.141592654	2.145038189
1.25	1e-05	376.9499712
1.25	5e-05	376.9499712
1.25	0.0001	376.9499712
1.25	0.0003	376.9499712
1.25	0.0006	376.9499712
1.25	0.001	376.9499712
1.25	0.002	376.9499712
1.25	0.004	376.9499712
1.25	0.006	376.9499712
1.25	0.008	376.9499712
1.25	0.01	371.7994771
1.25	0.01122018454	371.7994771
1.25	0.01258925412	371.7994771
1.25	0.01412537545	366.648983
1.25	0.01584893192	351.1973187
1.25	0.0177827941	340.8962422
1.25	0.01995262315	320.2936527
1.25	0.02238721139	263.6335939
1.25	0.02511886432	217.2740896
1.25	0.02818382931	195.40712
1.25	0.0316227766	165.8151524
1.25	0.03548133892	160.6644685
1.25	0.03981071706	147.7876915
1.25	0.04466835922	114.3061351
1.25	0.05011872336	111.7304815
1.25	0.05623413252	104.003101
1.25	0.06309573445	101.4273842
1.25	0.07079457844	80.81897177
1.25	0.07943282347	70.51289657
1.25	0.08912509381	67.93629704
1.25	0.1	65.35944536
1.25	0.1122018454	48.40418752
1.25	0.1258925412	46.34369976
1.25	0.1412537545	44.28311442
1.25	0.1584893192	34.24338639
1.25	0.177827941	32.69815616
1.25	0.1995262315	27.29528507
1.25	0.2238721139	25.74994849
1.25	0.2511886432	19.05317075
1.25	0.2818382931	18.5379923
1.25	0.316227766	14.41594217
1.25	0.3548133892	14.41594217
1.25	0.3981071706	11.83895392
1.25	0.4466835922	9.529161325
1.25	0.5011872336	8.756334945
1.25	0.5623413252	8.294065471
1.25	0.6309573445	6.131703847
1.25	0.7079457844	6.131703847
1.25	0.7943282347	4.740630368
1.25	0.85	4.586036383
1.25	0.95	4.276860282
1.25	1.05	3.812974241
1.25	1.2	3.349057603
1.25	1.4	3.039726151
1.25	1.6	2.654269674
1.25	1.9	2.268813197
1.25	2.2	2.268813197
1.25	2.4	2.268813197
1.25	2.7	2.268813197
1.25	3	2.268813197
1.25	3.141592654	2.268813197
1.3	1e-05	376.9499712
1.3	5e-05	376.9499712
1.3	0.0001	376.9499712
1.3	0.0003	376.9499712
1.3	0.0006	376.9499712
1.3	0.001	376.9499712
1.3	0.002	376.9499712
1.3	0.004	376.9499712
1.3	0.006	376.9499712
1.3	0.008	376.9499712
1.3	0.01	376.9499712
1.3	0.01122018454	376.9499712
1.3	0.01258925412	376.9499712
1.3	0.01412537545	366.648983
1.3	0.01584893192	366.648983
1.3	0.0177827941	346.04683
1.3	0.01995262315	304.841651
1.3	0.02238721139	304.841651
1.3	0.02511886432	212.1226423
1.3	0.02818382931	212.1226423
1.3	0.0316227766	163.2398418
1.3	0.03548133892	152.9384741
1.3	0.03981071706	152.9384741
1.3	0.04466835922	111.7304815
1.3	0.05011872336	111.7304815
1.3	0.05623413252	111.7304815
1.3	0.06309573445	106.5790479
1.3	0.07079457844	75.66634779
1.3	0.07943282347	75.66634779
1.3	0.08912509381	70.51314872
1.3	0.1	65.35944536
1.3	0.1122018454	49.43442079
1.3	0.1258925412	45.31344527
1.3	0.1412537545	41.1922746
1.3	0.1584893192	37.07084367
1.3	0.177827941	37.07084367
1.3	0.1995262315	28.32546865
1.3	0.2238721139	28.32546865
1.3	0.2511886432	20.08354804
1.3	0.2818382931	19.05319115
1.3	0.316227766	14.93127111
1.3	0.3548133892	14.93127111
1.3	0.3981071706	11.83895392
1.3	0.4466835922	10.04434987
1.3	0.5011872336	9.529171516
1.3	0.5623413252	9.529171516
1.3	0.6309573445	6.131703847
1.3	0.7079457844	6.131703847
1.3	0.7943282347	4.586048252
1.3	0.85	4.276860282
1.3	0.95	4.276860282
1.3	1.05	4.276860282
1.3	1.2	3.658389054
1.3	1.4	3.103210001
1.3	1.6	3.103210001
1.3	1.9	3.103210001
1.3	2.2	3.103210001
1.3	2.4	3.103210001
1.3	2.7	3.103210001
1.3	3	3.103210001
1.3	3.141592654	3.103210001
1.4	1e-05	376.9499712
1.4	5e-05	376.9499712
1.4	0.0001	376.9499712
1.4	0.0003	376.9499712
1.4	0.0006	376.9499712
1.4	0.001	376.9499712
1.4	0.002	376.9499712
1.4	0.004	376.9499712
1.4	0.006	376.9499712
1.4	0.008	376.9499712
1.4	0.01	366.648983
1.4	0.01122018454	366.648983
1.4	0.01258925412	366.648983
1.4	0.01412537545	366.648983
1.4	0.01584893192	346.04683
1.4	0.0177827941	325.4444044
1.4	0.01995262315	304.841651
1.4	0.02238721139	284.2384985
1.4	0.02511886432	212.1226423
1.4	0.02818382931	194.1430741
1.4	0.0316227766	194.1430741
1.4	0.03548133892	168.3904629
1.4	0.03981071706	168.3904629
1.4	0.04466835922	132.3351
1.4	0.05011872336	111.7304815
1.4	0.05623413252	91.12377474
1.4	0.06309573445	91.12377474
1.4	0.07079457844	91.12377474
1.4	0.07943282347	75.66634779
1.4	0.08912509381	65.35944536
1.4	0.1	60.2051082
1.4	0.1122018454	49.43442079
1.4	0.1258925412	45.31344527
1.4	0.1412537545	41.1922746
1.4	0.1584893192	37.07084367
1.4	0.177827941	29.3556329
1.4	0.1995262315	28.32546865
1.4	0.2238721139	25.23489542
1.4	0.2511886432	24.20467182
1.4	0.2818382931	16.99234754
1.4	0.316227766	16.99234754
1.4	0.3548133892	12.86985
1.4	0.3981071706	11.83895392
1.4	0.4466835922	10.80788698
1.4	0.5011872336	9.529171516
1.4	0.5623413252	9.529171516
1.4	0.6309573445	8.498749954
1.4	0.7079457844	5.51348571
1.4	0.7943282347	5.51348571
1.4	0.85	4.772003608
1.4	0.95	4.772003608
1.4	1.05	4.772003608
1.4	1.2	4.772003608
1.4	1.4	4.772003608
1.4	1.6	4.772003608
1.4	1.9	4.772003608
1.4	2.2	4.772003608
1.4	2.4	4.772003608
1.4	2.7	4.772003608
1.4	3	4.772003608
1.4	3.141592654	4.772003608
1.5	1e-05	400
1.5	5e-05	400
1.5	0.0001	400
1.5	0.0003	400
1.5	0.0006	400
1.5	0.001	400
1.5	0.002	400
1.5	0.004	400
1.5	0.006	400
1.5	0.008	400
1.5	0.01	387.2509069
1.5	0.01122018454	376.9499712
1.5	0.01258925412	366.648983
1.5	0.01412537545	366.648983
1.5	0.01584893192	346.04683
1.5	0.0177827941	346.04683
1.5	0.01995262315	346.04683
1.5	0.02238721139	284.2384985
1.5	0.02511886432	253.3328083
1.5	0.02818382931	253.3328083
1.5	0.0316227766	232.7281753
1.5	0.03548133892	173.5410471
1.5	0.03981071706	158.0891802
1.5	0.04466835922	147.7877188
1.5	0.05011872336	122.0329857
1.5	0.05623413252	106.5790479
1.5	0.06309573445	106.5790479
1.5	0.07079457844	85.97159576
1.5	0.07943282347	80.81913903
1.5	0.08912509381	70.51314872
1.5	0.1	65.35944536
1.5	0.1122018454	60.2051082
1.5	0.1258925412	49.43442079
1.5	0.1412537545	43.25288782
1.5	0.1584893192	41.1922746
1.5	0.177827941	32.44606309
1.5	0.1995262315	32.44606309
1.5	0.2238721139	25.23489542
1.5	0.2511886432	21.11387011
1.5	0.2818382931	19.05319115
1.5	0.316227766	18.02279346
1.5	0.3548133892	15.96184407
1.5	0.3981071706	13.90061322
1.5	0.4466835922	11.83895392
1.5	0.5011872336	10.80788698
1.5	0.5623413252	8.498749954
1.5	0.6309573445	6.440797216
1.5	0.7079457844	6.440797216
1.5	0.7943282347	6.440797216
1.5	0.85	6.440797216
1.5	0.95	6.440797216
1.5	1.05	6.440797216
1.5	1.2	6.440797216
1.5	1.4	6.440797216
1.5	1.6	6.440797216
1.5	1.9	6.440797216
1.5	2.2	6.440797216
1.5	2.4	6.440797216
1.5	2.7	6.440797216
1.5	3	6.440797216
1.5	3.141592654	6.440797216
1.6	1e-05	400
1.6	5e-05	400
1.6	0.0001	400
1.6	0.0003	400
1.6	0.0006	400
1.6	0.001	400
1.6	0.002	400
1.6	0.004	400
1.6	0.006	400
1.6	0.008	400
1.6	0.01	389.3110843
1.6	0.01122018454	376.9499712
1.6	0.01258925412	366.648983
1.6	0.01412537545	366.648983
1.6	0.01584893192	366.648983
1.6	0.0177827941	366.648983
1.6	0.01995262315	325.4444044
1.6	0.02238721139	247.1514426
1.6	0.02511886432	238.9095793
1.6	0.02818382931	230.6676476
1.6	0.0316227766	230.6676476
1.6	0.03548133892	178.6915977
1.6	0.03981071706	158.0891802
1.6	0.04466835922	142.6369089
1.6	0.05011872336	123.0632057
1.6	0.05623413252	122.0329857
1.6	0.06309573445	101.4274687
1.6	0.07079457844	96.27572055
1.6	0.07943282347	85.97159576
1.6	0.08912509381	70.51314872
1.6	0.1	65.35944536
1.6	0.1122018454	55.0499592
1.6	0.1258925412	51.49485
1.6	0.1412537545	44.0771011
1.6	0.1584893192	41.1922746
1.6	0.177827941	34.50630708
1.6	0.1995262315	30.59181464
1.6	0.2238721139	24.20467182
1.6	0.2511886432	21.11387011
1.6	0.2818382931	20.08354804
1.6	0.316227766	18.02279346
1.6	0.3548133892	16.99234754
1.6	0.3981071706	12.86985
1.6	0.4466835922	11.83895392
1.6	0.5011872336	9.01397278
1.6	0.5623413252	8.498749954
1.6	0.6309573445	7.468212087
1.6	0.7079457844	7.058959426
1.6	0.7943282347	6.193518557
1.6	0.85	6.193518557
1.6	0.95	6.193518557
1.6	1.05	6.193518557
1.6	1.2	6.193518557
1.6	1.4	6.193518557
1.6	1.6	6.193518557
1.6	1.9	6.193518557
1.6	2.2	6.193518557
1.6	2.4	6.193518557
1.6	2.7	6.193518557
1.6	3	6.193518557
1.6	3.141592654	6.193518557
1.75	1e-05	400
1.75	5e-05	400
1.75	0.0001	400
1.75	0.0003	400
1.75	0.0006	400
1.75	0.001	400
1.75	0.002	400
1.75	0.004	400
1.75	0.006	400
1.75	0.008	400
1.75	0.01	392.4013505
1.75	0.01122018454	382.1003885
1.75	0.01258925412	374.3747242
1.75	0.01412537545	366.648983
1.75	0.01584893192	366.648983
1.75	0.0177827941	358.923199
1.75	0.01995262315	325.4444044
1.75	0.02238721139	281.6627449
1.75	0.02511886432	248.1816501
1.75	0.02818382931	227.5768561
1.75	0.0316227766	227.5768561
1.75	0.03548133892	178.6915977
1.75	0.03981071706	165.8151422
1.75	0.04466835922	138.773756
1.75	0.05011872336	129.7595714
1.75	0.05623413252	118.169588
1.75	0.06309573445	109.1547283
1.75	0.07079457844	93.69953223
1.75	0.07943282347	85.97159576
1.75	0.08912509381	70.51314872
1.75	0.1	65.35944536
1.75	0.1122018454	58.91632095
1.75	0.1258925412	52.24219
1.75	0.1412537545	45.31342103
1.75	0.1584893192	39.64676626
1.75	0.177827941	36.42970952
1.75	0.1995262315	32.70358813
1.75	0.2238721139	28.06789263
1.75	0.2511886432	23.17439088
1.75	0.2818382931	18.53798211
1.75	0.316227766	16.47708142
1.75	0.3548133892	15.44654022
1.75	0.3981071706	12.86985
1.75	0.4466835922	11.06565371
1.75	0.5011872336	9.400371832
1.75	0.5623413252	9.271566125
1.75	0.6309573445	7.161272591
1.75	0.7079457844	6.363517742
1.75	0.7943282347	5.822600568
1.75	0.85	5.822600568
1.75	0.95	5.822600568
1.75	1.05	5.822600568
1.75	1.2	5.822600568
1.75	1.4	5.822600568
1.75	1.6	5.822600568
1.75	1.9	5.822600568
1.75	2.2	5.822600568
1.75	2.4	5.822600568
1.75	2.7	5.822600568
1.75	3	5.822600568
1.75	3.141592654	5.822600568
1.8	1e-05	400
1.8	5e-05	400
1.8	0.0001	400
1.8	0.0003	400
1.8	0.0006	400
1.8	0.001	400
1.8	0.002	400
1.8	0.004	400
1.8	0.006	400
1.8	0.008	400
1.8	0.01	393.4314392
1.8	0.01122018454	385.1906697
1.8	0.01258925412	376.9499712
1.8	0.01412537545	366.648983
1.8	0.01584893192	366.648983
1.8	0.0177827941	356.3479376
1.8	0.01995262315	325.4444044
1.8	0.02238721139	294.5401299
1.8	0.02511886432	253.3328083
1.8	0.02818382931	226.5465923
1.8	0.0316227766	226.5465923
1.8	0.03548133892	178.6915977
1.8	0.03981071706	168.3904629
1.8	0.04466835922	138.5161853
1.8	0.05011872336	132.3351
1.8	0.05623413252	116.8817888
1.8	0.06309573445	111.7304815
1.8	0.07079457844	95.24511952
1.8	0.07943282347	85.97159576
1.8	0.08912509381	71.54358682
1.8	0.1	65.35944536
1.8	0.1122018454	60.2051082
1.8	0.1258925412	52.80374384
1.8	0.1412537545	45.72552767
1.8	0.1584893192	39.13159681
1.8	0.177827941	37.07084367
1.8	0.1995262315	33.47618884
1.8	0.2238721139	29.3556329
1.8	0.2511886432	24.20467182
1.8	0.2818382931	18.02279346
1.8	0.316227766	15.96184407
1.8	0.3548133892	14.93127111
1.8	0.3981071706	12.86985
1.8	0.4466835922	10.80788698
1.8	0.5011872336	9.529171516
1.8	0.5623413252	9.529171516
1.8	0.6309573445	7.058959426
1.8	0.7079457844	6.131703847
1.8	0.7943282347	5.946239898
1.8	0.85	5.946239898
1.8	0.95	5.946239898
1.8	1.05	5.946239898
1.8	1.2	5.946239898
1.8	1.4	5.946239898
1.8	1.6	5.946239898
1.8	1.9	5.946239898
1.8	2.2	5.946239898
1.8	2.4	5.946239898
1.8	2.7	5.946239898
1.8	3	5.946239898
1.8	3.141592654	5.946239898
2	1e-05	400
2	5e-05	400
2	0.0001	400
2	0.0003	400
2	0.0006	400
2	0.001	400
2	0.002	400
2	0.004	400
2	0.006	400
2	0.008	400
2	0.01	397.5517941
2	0.01122018454	397.5517941
2	0.01258925412	387.2509069
2	0.01412537545	366.648983
2	0.01584893192	356.3479376
2	0.0177827941	356.3479376
2	0.01995262315	315.1430727
2	0.02238721139	294.5401299
2	0.02511886432	273.9367444
2	0.02818382931	243.0305899
2	0.0316227766	222.4255369
2	0.03548133892	183.8421174
2	0.03981071706	173.5410471
2	0.04466835922	142.6369089
2	0.05011872336	127.1840856
2	0.05623413252	127.1840856
2	0.06309573445	127.1840856
2	0.07079457844	101.4274687
2	0.07943282347	91.12377474
2	0.08912509381	80.81913903
2	0.1	65.35944536
2	0.1122018454	60.2051082
2	0.1258925412	55.0499592
2	0.1412537545	47.37395424
2	0.1584893192	37.07084367
2	0.177827941	37.07084367
2	0.1995262315	31.4159291
2	0.2238721139	25.23489542
2	0.2511886432	21.11387011
2	0.2818382931	21.11387011
2	0.316227766	16.99234754
2	0.3548133892	15.96184407
2	0.3981071706	13.90061322
2	0.4466835922	11.83895392
2	0.5011872336	11.83895392
2	0.5623413252	9.01397278
2	0.6309573445	7.983498373
2	0.7079457844	6.749882034
2	0.7943282347	6.749882034
2	0.85	6.749882034
2	0.95	6.749882034
2	1.05	6.749882034
2	1.2	6.749882034
2	1.4	6.749882034
2	1.6	6.749882034
2	1.9	6.749882034
2	2.2	6.749882034
2	2.4	6.749882034
2	2.7	6.749882034
2	3	6.749882034
2	3.141592654	6.749882034
2.2	1e-05	400
2.2	5e-05	400
2.2	0.0001	400
2.2	0.0003	400
2.2	0.0006	400
2.2	0.001	400
2.2	0.002	400
2.2	0.004	400
2.2	0.006	400
2.2	0.008	400
2.2	0.01	397.5517941
2.2	0.01122018454	397.5517941
2.2	0.01258925412	376.9499712
2.2	0.01412537545	376.9499712
2.2	0.01584893192	376.9499712
2.2	0.0177827941	376.9499712
2.2	0.01995262315	376.9499712
2.2	0.02238721139	304.841651
2.2	0.02511886432	230.6675581
2.2	0.02818382931	222.4255369
2.2	0.0316227766	209.0523657
2.2	0.03548133892	183.8421174
2.2	0.03981071706	169.4205442
2.2	0.04466835922	150.8780821
2.2	0.05011872336	142.6369089
2.2	0.05623413252	125.1236456
2.2	0.06309573445	118.9420705
2.2	0.07079457844	99.36676944
2.2	0.07943282347	85.97159576
2.2	0.08912509381	75.66634779
2.2	0.1	75.66634779
2.2	0.1122018454	62.26684306
2.2	0.1258925412	52.80374384
2.2	0.1412537545	45.31344527
2.2	0.1584893192	43.25288782
2.2	0.177827941	33.88823614
2.2	0.1995262315	31.4159291
2.2	0.2238721139	25.23489542
2.2	0.2511886432	23.17442834
2.2	0.2818382931	22.14416221
2.2	0.316227766	19.05319115
2.2	0.3548133892	14.93127111
2.2	0.3981071706	13.90061322
2.2	0.4466835922	11.83895392
2.2	0.5011872336	10.80788698
2.2	0.5623413252	8.498749954
2.2	0.6309573445	7.470067442
2.2	0.7079457844	7.470067442
2.2	0.7943282347	7.470067442
2.2	0.85	7.470067442
2.2	0.95	7.470067442
2.2	1.05	7.470067442
2.2	1.2	7.470067442
2.2	1.4	7.470067442
2.2	1.6	7.470067442
2.2	1.9	7.470067442
2.2	2.2	7.470067442
2.2	2.4	7.470067442
2.2	2.7	7.470067442
2.2	3	7.470067442
2.2	3.141592654	7.470067442
2.5	1e-05	400
2.5	5e-05	400
2.5	0.0001	400
2.5	0.0003	400
2.5	0.0006	400
2.5	0.001	400
2.5	0.002	400
2.5	0.004	400
2.5	0.006	400
2.5	0.008	400
2.5	0.01	397.5517941
2.5	0.01122018454	397.5517941
2.5	0.01258925412	376.9499712
2.5	0.01412537545	376.9499712
2.5	0.01584893192	376.9499712
2.5	0.0177827941	366.648983
2.5	0.01995262315	325.4444044
2.5	0.02238721139	294.5401299
2.5	0.02511886432	243.0305899
2.5	0.02818382931	243.0305899
2.5	0.0316227766	204.4439344
2.5	0.03548133892	183.8421174
2.5	0.03981071706	178.6915977
2.5	0.04466835922	163.2398418
2.5	0.05011872336	158.0891802
2.5	0.05623413252	122.0329857
2.5	0.06309573445	106.5790479
2.5	0.07079457844	101.4274687
2.5	0.07943282347	91.12377474
2.5	0.08912509381	85.97159576
2.5	0.1	85.97159576
2.5	0.1122018454	65.35944536
2.5	0.1258925412	55.0499592
2.5	0.1412537545	45.31344527
2.5	0.1584893192	39.13159681
2.5	0.177827941	34.50630708
2.5	0.1995262315	33.47618884
2.5	0.2238721139	26.26510149
2.5	0.2511886432	23.17442834
2.5	0.2818382931	23.17442834
2.5	0.316227766	16.99234754
2.5	0.3548133892	14.93127111
2.5	0.3981071706	13.90061322
2.5	0.4466835922	11.83895392
2.5	0.5011872336	9.01397278
2.5	0.5623413252	9.01397278
2.5	0.6309573445	9.01397278
2.5	0.7079457844	9.01397278
2.5	0.7943282347	9.01397278
2.5	0.85	9.01397278
2.5	0.95	9.01397278
2.5	1.05	9.01397278
2.5	1.2	9.01397278
2.5	1.4	9.01397278
2.5	1.6	9.01397278
2.5	1.9	9.01397278
2.5	2.2	9.01397278
2.5	2.4	9.01397278
2.5	2.7	9.01397278
2.5	3	9.01397278
2.5	3.141592654	9.01397278
3	1e-05	400
3	5e-05	400
3	0.0001	400
3	0.0003	400
3	0.0006	400
3	0.001	400
3	0.002	400
3	0.004	400
3	0.006	400
3	0.008	400
3	0.01	400
3	0.01122018454	400
3	0.01258925412	387.2509069
3	0.01412537545	376.9499712
3	0.01584893192	366.648983
3	0.0177827941	366.648983
3	0.01995262315	366.648983
3	0.02238721139	335.7456544
3	0.02511886432	263.6348532
3	0.02818382931	232.7281753
3	0.0316227766	232.7281753
3	0.03548133892	212.1226423
3	0.03981071706	168.3904629
3	0.04466835922	163.2398418
3	0.05011872336	163.2398418
3	0.05623413252	122.0329857
3	0.06309573445	106.5790479
3	0.07079457844	101.4274687
3	0.07943282347	85.97159576
3	0.08912509381	85.97159576
3	0.1	65.35944536
3	0.1122018454	65.35944536
3	0.1258925412	65.35944536
3	0.1412537545	45.31344527
3	0.1584893192	43.25288782
3	0.177827941	35.53641846
3	0.1995262315	31.4159291
3	0.2238721139	28.32546865
3	0.2511886432	23.17442834
3	0.2818382931	20.08354804
3	0.316227766	18.02279346
3	0.3548133892	18.02279346
3	0.3981071706	18.02279346
3	0.4466835922	18.02279346
3	0.5011872336	18.02279346
3	0.5623413252	18.02279346
3	0.6309573445	18.02279346
3	0.7079457844	18.02279346
3	0.7943282347	18.02279346
3	0.85	18.02279346
3	0.95	18.02279346
3	1.05	18.02279346
3	1.2	18.02279346
3	1.4	18.02279346
3	1.6	18.02279346
3	1.9	18.02279346
3	2.2	18.02279346
3	2.4	18.02279346
3	2.7	18.02279346
3	3	18.02279346
3	3.141592654	18.02279346
3.5	1e-05	397.5517941
3.5	5e-05	397.5517941
3.5	0.0001	397.5517941
3.5	0.0003	397.5517941
3.5	0.0006	397.5517941
3.5	0.001	397.5517941
3.5	0.002	397.5517941
3.5	0.004	397.5517941
3.5	0.006	397.5517941
3.5	0.008	397.5517941
3.5	0.01	397.5517941
3.5	0.01122018454	397.5517941
3.5	0.01258925412	397.5517941
3.5	0.01412537545	397.5517941
3.5	0.01584893192	387.2509069
3.5	0.0177827941	387.2509069
3.5	0.01995262315	346.04683
3.5	0.02238721139	304.841651
3.5	0.02511886432	263.6348532
3.5	0.02818382931	243.0305899
3.5	0.0316227766	243.0305899
3.5	0.03548133892	199.2935154
3.5	0.03981071706	188.9926088
3.5	0.04466835922	173.5410471
3.5	0.05011872336	158.0891802
3.5	0.05623413252	158.0891802
3.5	0.06309573445	106.5790479
3.5	0.07079457844	106.5790479
3.5	0.07943282347	96.27572055
3.5	0.08912509381	96.27572055
3.5	0.1	70.51314872
3.5	0.1122018454	65.35944536
3.5	0.1258925412	55.0499592
3.5	0.1412537545	45.31344527
3.5	0.1584893192	43.25288782
3.5	0.177827941	37.07084367
3.5	0.1995262315	37.07084367
3.5	0.2238721139	27.29529199
3.5	0.2511886432	25.23489542
3.5	0.2818382931	23.17442834
3.5	0.316227766	19.05319115
3.5	0.3548133892	15.96184407
3.5	0.3981071706	13.90061322
3.5	0.4466835922	12.86985
3.5	0.5011872336	12.86985
3.5	0.5623413252	12.86985
3.5	0.6309573445	12.86985
3.5	0.7079457844	12.86985
3.5	0.7943282347	12.86985
3.5	0.85	12.86985
3.5	0.95	12.86985
3.5	1.05	12.86985
3.5	1.2	12.86985
3.5	1.4	12.86985
3.5	1.6	12.86985
3.5	1.9	12.86985
3.5	2.2	12.86985
3.5	2.4	12.86985
3.5	2.7	12.86985
3.5	3	12.86985
3.5	3.141592654	12.86985
4	1e-05	400
4	5e-05	400
4	0.0001	400
4	0.0003	400
4	0.0006	400
4	0.001	400
4	0.002	400
4	0.004	400
4	0.006	400
4	0.008	397.5517941
4	0.01	397.5517941
4	0.01122018454	397.5517941
4	0.01258925412	387.2509069
4	0.01412537545	376.9499712
4	0.01584893192	376.9499712
4	0.0177827941	376.9499712
4	0.01995262315	366.648983
4	0.02238721139	315.1430727
4	0.02511886432	294.5401299
4	0.02818382931	273.9367444
4	0.0316227766	222.4255369
4	0.03548133892	199.2935154
4	0.03981071706	183.8421174
4	0.04466835922	173.5410471
4	0.05011872336	163.2398418
4	0.05623413252	127.1840856
4	0.06309573445	116.8817888
4	0.07079457844	111.7304815
4	0.07943282347	111.7304815
4	0.08912509381	85.97159576
4	0.1	85.97159576
4	0.1122018454	65.35944536
4	0.1258925412	60.2051082
4	0.1412537545	49.43442079
4	0.1584893192	45.31344527
4	0.177827941	37.07084367
4	0.1995262315	33.47618884
4	0.2238721139	29.3556329
4	0.2511886432	24.20467182
4	0.2818382931	24.20467182
4	0.316227766	24.20467182
4	0.3548133892	24.20467182
4	0.3981071706	24.20467182
4	0.4466835922	24.20467182
4	0.5011872336	24.20467182
4	0.5623413252	24.20467182
4	0.6309573445	24.20467182
4	0.7079457844	24.20467182
4	0.7943282347	24.20467182
4	0.85	24.20467182
4	0.95	24.20467182
4	1.05	24.20467182
4	1.2	24.20467182
4	1.4	24.20467182
4	1.6	24.20467182
4	1.9	24.20467182
4	2.2	24.20467182
4	2.4	24.20467182
4	2.7	24.20467182
4	3	24.20467182
4	3.141592654	24.20467182
4.5	1e-05	400
4.5	5e-05	400
4.5	0.0001	400
4.5	0.0003	400
4.5	0.0006	400
4.5	0.001	400
4.5	0.002	400
4.5	0.004	400
4.5	0.006	400
4.5	0.008	400
4.5	0.01	397.5517941
4.5	0.01122018454	397.5517941
4.5	0.01258925412	387.2509069
4.5	0.01412537545	376.9499712
4.5	0.01584893192	376.9499712
4.5	0.0177827941	376.9499712
4.5	0.01995262315	366.648983
4.5	0.02238721139	346.04683
4.5	0.02511886432	273.9367444
4.5	0.02818382931	273.9367444
4.5	0.0316227766	243.0305899
4.5	0.03548133892	212.1226423
4.5	0.03981071706	199.2935154
4.5	0.04466835922	163.2398418
4.5	0.05011872336	152.9384741
4.5	0.05623413252	142.6369089
4.5	0.06309573445	142.6369089
4.5	0.07079457844	122.0329857
4.5	0.07943282347	91.12377474
4.5	0.08912509381	85.97159576
4.5	0.1	75.66634779
4.5	0.1122018454	65.35944536
4.5	0.1258925412	60.2051082
4.5	0.1412537545	49.43442079
4.5	0.1584893192	45.31344527
4.5	0.177827941	41.1922746
4.5	0.1995262315	34.50630708
4.5	0.2238721139	27.29529199
4.5	0.2511886432	27.29529199
4.5	0.2818382931	23.17442834
4.5	0.316227766	22.14416221
4.5	0.3548133892	22.14416221
4.5	0.3981071706	22.14416221
4.5	0.4466835922	22.14416221
4.5	0.5011872336	22.14416221
4.5	0.5623413252	22.14416221
4.5	0.6309573445	22.14416221
4.5	0.7079457844	22.14416221
4.5	0.7943282347	22.14416221
4.5	0.85	22.14416221
4.5	0.95	22.14416221
4.5	1.05	22.14416221
4.5	1.2	22.14416221
4.5	1.4	22.14416221
4.5	1.6	22.14416221
4.5	1.9	22.14416221
4.5	2.2	22.14416221
4.5	2.4	22.14416221
4.5	2.7	22.14416221
4.5	3	22.14416221
4.5	3.141592654	22.14416221
5	1e-05	397.5517941
5	5e-05	397.5517941
5	0.0001	397.5517941
5	0.0003	397.5517941
5	0.0006	397.5517941
5	0.001	397.5517941
5	0.002	397.5517941
5	0.004	397.5517941
5	0.006	397.5517941
5	0.008	397.5517941
5	0.01	397.5517941
5	0.01122018454	397.5517941
5	0.01258925412	397.5517941
5	0.01412537545	397.5517941
5	0.01584893192	387.2509069
5	0.0177827941	376.9499712
5	0.01995262315	356.3479376
5	0.02238721139	356.3479376
5	0.02511886432	273.9367444
5	0.02818382931	253.3328083
5	0.0316227766	243.0305899
5	0.03548133892	204.4439344
5	0.03981071706	178.6915977
5	0.04466835922	163.2398418
5	0.05011872336	147.7877188
5	0.05623413252	142.6369089
5	0.06309573445	127.1840856
5	0.07079457844	106.5790479
5	0.07943282347	96.27572055
5	0.08912509381	96.27572055
5	0.1	70.51314872
5	0.1122018454	70.51314872
5	0.1258925412	60.2051082
5	0.1412537545	55.0499592
5	0.1584893192	43.25288782
5	0.177827941	37.07084367
5	0.1995262315	32.44606309
5	0.2238721139	29.3556329
5	0.2511886432	29.3556329
5	0.2818382931	29.3556329
5	0.316227766	29.3556329
5	0.3548133892	29.3556329
5	0.3981071706	29.3556329
5	0.4466835922	29.3556329
5	0.5011872336	29.3556329
5	0.5623413252	29.3556329
5	0.6309573445	29.3556329
5	0.7079457844	29.3556329
5	0.7943282347	29.3556329
5	0.85	29.3556329
5	0.95	29.3556329
5	1.05	29.3556329
5	1.2	29.3556329
5	1.4	29.3556329
5	1.6	29.3556329
5	1.9	29.3556329
5	2.2	29.3556329
5	2.4	29.3556329
5	2.7	29.3556329
5	3	29.3556329
5	3.141592654	29.3556329
