0.01	1e-05	376.9499712
0.01	5e-05	376.9499712
0.01	0.0001	376.9499712
0.01	0.0003	376.9499712
0.01	0.0006	376.9499712
0.01	0.001	376.9499712
0.01	0.002	376.9499712
0.01	0.004	284.2384985
0.01	0.006	243.0305899
0.01	0.008	204.4439344
0.01	0.01	204.4439344
0.01	0.01122018454	188.9926088
0.01	0.01258925412	152.9384741
0.01	0.01412537545	142.6369089
0.01	0.01584893192	142.6369089
0.01	0.0177827941	116.8817888
0.01	0.01995262315	116.8817888
0.01	0.02238721139	96.27572055
0.01	0.02511886432	96.27572055
0.01	0.02818382931	91.12377474
0.01	0.0316227766	91.12377474
0.01	0.03548133892	75.66634779
0.01	0.03981071706	55.0499592
0.01	0.04466835922	55.0499592
0.01	0.05011872336	49.43442079
0.01	0.05623413252	47.37395424
0.01	0.06309573445	47.37395424
0.01	0.07079457844	34.50630708
0.01	0.07943282347	33.47618884
0.01	0.08912509381	33.47618884
0.01	0.1	33.47618884
0.01	0.1122018454	33.47618884
0.01	0.1258925412	26.26510149
0.01	0.1412537545	26.26510149
0.01	0.1584893192	19.05319115
0.01	0.177827941	15.96184407
0.01	0.1995262315	14.93127111
0.01	0.2238721139	14.93127111
0.01	0.2511886432	11.83895392
0.01	0.2818382931	9.01397278
0.01	0.316227766	9.01397278
0.01	0.3548133892	8.498749954
0.01	0.3981071706	6.131703847
0.01	0.4466835922	5.51348571
0.01	0.5011872336	4.895212485
0.01	0.5623413252	4.276860282
0.01	0.6309573445	3.967643025
0.01	0.7079457844	3.039726151
0.01	0.7943282347	3.039726151
0.01	0.85	2.730282105
0.01	0.95	2.475007702
0.01	1.05	2.268813197
0.01	1.2	2.062579822
0.01	1.4	2.062579822
0.01	1.6	2.062579822
0.01	1.9	2.062579822
0.01	2.2	1.443479866
0.01	2.4	1.236868757
0.01	2.7	1.236868757
0.01	3	1.236868757
0.01	3.141592654	1.030012875
0.02	1e-05	376.9499712
0.02	5e-05	376.9499712
0.02	0.0001	376.9499712
0.02	0.0003	376.9499712
0.02	0.0006	376.9499712
0.02	0.001	376.9499712
0.02	0.002	376.9499712
0.02	0.004	376.9499712
0.02	0.006	376.9499712
0.02	0.008	376.9499712
0.02	0.01	376.9499712
0.02	0.01122018454	376.9499712
0.02	0.01258925412	366.648983
0.02	0.01412537545	356.3479376
0.02	0.01584893192	346.04683
0.02	0.0177827941	346.04683
0.02	0.01995262315	335.7456544
0.02	0.02238721139	325.4444044
0.02	0.02511886432	315.1430727
0.02	0.02818382931	315.1430727
0.02	0.0316227766	294.5401299
0.02	0.03548133892	294.5401299
0.02	0.03981071706	222.4255369
0.02	0.04466835922	222.4255369
0.02	0.05011872336	222.4255369
0.02	0.05623413252	122.0329857
0.02	0.06309573445	122.0329857
0.02	0.07079457844	122.0329857
0.02	0.07943282347	96.27572055
0.02	0.08912509381	96.27572055
0.02	0.1	96.27572055
0.02	0.1122018454	96.27572055
0.02	0.1258925412	70.51314872
0.02	0.1412537545	70.51314872
0.02	0.1584893192	51.49485
0.02	0.177827941	51.49485
0.02	0.1995262315	39.13159681
0.02	0.2238721139	31.4159291
0.02	0.2511886432	30.38578602
0.02	0.2818382931	30.38578602
0.02	0.316227766	20.08354804
0.02	0.3548133892	16.99234754
0.02	0.3981071706	14.93127111
0.02	0.4466835922	11.83895392
0.02	0.5011872336	11.83895392
0.02	0.5623413252	10.80788698
0.02	0.6309573445	10.80788698
0.02	0.7079457844	9.01397278
0.02	0.7943282347	7.983498373
0.02	0.85	5.20435721
0.02	0.95	4.586048252
0.02	1.05	4.586048252
0.02	1.2	4.586048252
0.02	1.4	4.586048252
0.02	1.6	3.039726151
0.02	1.9	1.649938157
0.02	2.2	1.649938157
0.02	2.4	1.649938157
0.02	2.7	1.649938157
0.02	3	1.649938157
0.02	3.141592654	1.649938157
0.03	1e-05	376.9499712
0.03	5e-05	376.9499712
0.03	0.0001	376.9499712
0.03	0.0003	376.9499712
0.03	0.0006	376.9499712
0.03	0.001	376.9499712
0.03	0.002	376.9499712
0.03	0.004	376.9499712
0.03	0.006	376.9499712
0.03	0.008	376.9499712
0.03	0.01	376.9499712
0.03	0.01122018454	376.9499712
0.03	0.01258925412	366.648983
0.03	0.01412537545	359.7816194
0.03	0.01584893192	352.9142143
0.03	0.0177827941	342.6131048
0.03	0.01995262315	335.7456544
0.03	0.02238721139	328.8781544
0.03	0.02511886432	322.0105999
0.03	0.02818382931	322.0105999
0.03	0.0316227766	308.2753047
0.03	0.03548133892	294.5401299
0.03	0.03981071706	232.7279607
0.03	0.04466835922	229.2938879
0.03	0.05011872336	207.8475572
0.03	0.05623413252	127.1840032
0.03	0.06309573445	127.1840032
0.03	0.07079457844	127.1840032
0.03	0.07943282347	96.27572055
0.03	0.08912509381	96.27572055
0.03	0.1	96.27572055
0.03	0.1122018454	96.27572055
0.03	0.1258925412	77.38335739
0.03	0.1412537545	67.07713521
0.03	0.1584893192	51.49485
0.03	0.177827941	49.43438176
0.03	0.1995262315	37.58983357
0.03	0.2238721139	32.44605509
0.03	0.2511886432	29.35562134
0.03	0.2818382931	29.35562134
0.03	0.316227766	22.48746269
0.03	0.3548133892	20.42666236
0.03	0.3981071706	17.33556814
0.03	0.4466835922	13.55675179
0.03	0.5011872336	11.83895392
0.03	0.5623413252	10.80788698
0.03	0.6309573445	10.38164849
0.03	0.7079457844	8.362301662
0.03	0.7943282347	7.675318724
0.03	0.85	5.822557949
0.03	0.95	4.792151238
0.03	1.05	4.792151238
0.03	1.2	4.792151238
0.03	1.4	4.792151238
0.03	1.6	2.851486668
0.03	1.9	1.856294622
0.03	2.2	1.443479866
0.03	2.4	1.443296396
0.03	2.7	1.443296396
0.03	3	1.443296396
0.03	3.141592654	1.443296396
0.05	1e-05	376.9499712
0.05	5e-05	376.9499712
0.05	0.0001	376.9499712
0.05	0.0003	376.9499712
0.05	0.0006	376.9499712
0.05	0.001	376.9499712
0.05	0.002	376.9499712
0.05	0.004	376.9499712
0.05	0.006	376.9499712
0.05	0.008	376.9499712
0.05	0.01	376.9499712
0.05	0.01122018454	376.9499712
0.05	0.01258925412	366.648983
0.05	0.01412537545	366.648983
0.05	0.01584893192	366.648983
0.05	0.0177827941	335.7456544
0.05	0.01995262315	335.7456544
0.05	0.02238721139	335.7456544
0.05	0.02511886432	335.7456544
0.05	0.02818382931	335.7456544
0.05	0.0316227766	335.7456544
0.05	0.03548133892	294.5401299
0.05	0.03981071706	253.3328083
0.05	0.04466835922	243.0305899
0.05	0.05011872336	178.6915977
0.05	0.05623413252	137.4860383
0.05	0.06309573445	137.4860383
0.05	0.07079457844	137.4860383
0.05	0.07943282347	96.27572055
0.05	0.08912509381	96.27572055
0.05	0.1	96.27572055
0.05	0.1122018454	96.27572055
0.05	0.1258925412	91.12377474
0.05	0.1412537545	60.2051082
0.05	0.1584893192	51.49485
0.05	0.177827941	45.31344527
0.05	0.1995262315	34.50630708
0.05	0.2238721139	34.50630708
0.05	0.2511886432	27.29529199
0.05	0.2818382931	27.29529199
0.05	0.316227766	27.29529199
0.05	0.3548133892	27.29529199
0.05	0.3981071706	22.14416221
0.05	0.4466835922	16.99234754
0.05	0.5011872336	11.83895392
0.05	0.5623413252	10.80788698
0.05	0.6309573445	9.529171516
0.05	0.7079457844	7.058959426
0.05	0.7943282347	7.058959426
0.05	0.85	7.058959426
0.05	0.95	5.20435721
0.05	1.05	5.20435721
0.05	1.2	5.20435721
0.05	1.4	5.20435721
0.05	1.6	2.475007702
0.05	1.9	2.062579822
0.05	2.2	1.236868757
0.05	2.4	1.236868757
0.05	2.7	1.236868757
0.05	3	1.236868757
0.05	3.141592654	1.030012875
0.075	1e-05	376.9499712
0.075	5e-05	376.9499712
0.075	0.0001	376.9499712
0.075	0.0003	376.9499712
0.075	0.0006	376.9499712
0.075	0.001	376.9499712
0.075	0.002	376.9499712
0.075	0.004	376.9499712
0.075	0.006	376.9499712
0.075	0.008	376.9499712
0.075	0.01	376.9499712
0.075	0.01122018454	376.9499712
0.075	0.01258925412	371.7994771
0.075	0.01412537545	371.7994771
0.075	0.01584893192	366.648983
0.075	0.0177827941	351.1973187
0.075	0.01995262315	346.046796
0.075	0.02238721139	346.046796
0.075	0.02511886432	335.7456544
0.075	0.02818382931	335.7456544
0.075	0.0316227766	335.7456544
0.075	0.03548133892	315.1428921
0.075	0.03981071706	294.5392314
0.075	0.04466835922	200.559885
0.075	0.05011872336	168.3903889
0.075	0.05623413252	147.7876093
0.075	0.06309573445	124.6082599
0.075	0.07079457844	124.6082599
0.075	0.07943282347	104.003101
0.075	0.08912509381	101.4273842
0.075	0.1	96.27572055
0.075	0.1122018454	80.81758296
0.075	0.1258925412	78.24161005
0.075	0.1412537545	57.6275337
0.075	0.1584893192	53.2724046
0.075	0.177827941	44.28316655
0.075	0.1995262315	38.87959745
0.075	0.2238721139	36.81895194
0.075	0.2511886432	30.90079953
0.075	0.2818382931	26.2650937
0.075	0.316227766	24.7197271
0.075	0.3548133892	23.68942002
0.075	0.3981071706	20.59867668
0.075	0.4466835922	16.99234754
0.075	0.5011872336	12.35440196
0.075	0.5623413252	11.83886849
0.075	0.6309573445	11.19951076
0.075	0.7079457844	6.90442073
0.075	0.7943282347	6.90442073
0.075	0.85	6.90442073
0.075	0.95	5.977119622
0.075	1.05	5.977119622
0.075	1.2	5.049784847
0.075	1.4	4.586000118
0.075	1.6	2.757366926
0.075	1.9	2.062579822
0.075	2.2	1.236868757
0.075	2.4	1.236868757
0.075	2.7	1.236868757
0.075	3	1.236868757
0.075	3.141592654	1.133440816
0.1	1e-05	376.9499712
0.1	5e-05	376.9499712
0.1	0.0001	376.9499712
0.1	0.0003	376.9499712
0.1	0.0006	376.9499712
0.1	0.001	376.9499712
0.1	0.002	376.9499712
0.1	0.004	376.9499712
0.1	0.006	376.9499712
0.1	0.008	376.9499712
0.1	0.01	376.9499712
0.1	0.01122018454	376.9499712
0.1	0.01258925412	376.9499712
0.1	0.01412537545	376.9499712
0.1	0.01584893192	366.648983
0.1	0.0177827941	366.648983
0.1	0.01995262315	356.3479376
0.1	0.02238721139	356.3479376
0.1	0.02511886432	335.7456544
0.1	0.02818382931	335.7456544
0.1	0.0316227766	335.7456544
0.1	0.03548133892	335.7456544
0.1	0.03981071706	335.7456544
0.1	0.04466835922	158.0891802
0.1	0.05011872336	158.0891802
0.1	0.05623413252	158.0891802
0.1	0.06309573445	111.7304815
0.1	0.07079457844	111.7304815
0.1	0.07943282347	111.7304815
0.1	0.08912509381	106.5790479
0.1	0.1	96.27572055
0.1	0.1122018454	65.35944536
0.1	0.1258925412	65.35944536
0.1	0.1412537545	55.0499592
0.1	0.1584893192	55.0499592
0.1	0.177827941	43.25288782
0.1	0.1995262315	43.25288782
0.1	0.2238721139	39.13159681
0.1	0.2511886432	34.50630708
0.1	0.2818382931	25.23489542
0.1	0.316227766	22.14416221
0.1	0.3548133892	20.08354804
0.1	0.3981071706	19.05319115
0.1	0.4466835922	16.99234754
0.1	0.5011872336	12.86985
0.1	0.5623413252	12.86985
0.1	0.6309573445	12.86985
0.1	0.7079457844	6.749882034
0.1	0.7943282347	6.749882034
0.1	0.85	6.749882034
0.1	0.95	6.749882034
0.1	1.05	6.749882034
0.1	1.2	4.895212485
0.1	1.4	3.967643025
0.1	1.6	3.039726151
0.1	1.9	2.062579822
0.1	2.2	1.236868757
0.1	2.4	1.236868757
0.1	2.7	1.236868757
0.1	3	1.236868757
0.1	3.141592654	1.236868757
0.13	1e-05	376.9499712
0.13	5e-05	376.9499712
0.13	0.0001	376.9499712
0.13	0.0003	376.9499712
0.13	0.0006	376.9499712
0.13	0.001	376.9499712
0.13	0.002	376.9499712
0.13	0.004	376.9499712
0.13	0.006	376.9499712
0.13	0.008	376.9499712
0.13	0.01	376.9499712
0.13	0.01122018454	376.9499712
0.13	0.01258925412	376.9499712
0.13	0.01412537545	376.9499712
0.13	0.01584893192	366.648983
0.13	0.0177827941	366.648983
0.13	0.01995262315	362.5285648
0.13	0.02238721139	362.5285648
0.13	0.02511886432	354.2876516
0.13	0.02818382931	304.8413609
0.13	0.0316227766	304.8413609
0.13	0.03548133892	304.8413609
0.13	0.03981071706	304.8413609
0.13	0.04466835922	190.5092575
0.13	0.05011872336	167.3603003
0.13	0.05623413252	167.3603003
0.13	0.06309573445	148.8168209
0.13	0.07079457844	111.7304815
0.13	0.07943282347	105.5486738
0.13	0.08912509381	97.305884
0.13	0.1	87.00177164
0.13	0.1122018454	74.63526156
0.13	0.1258925412	59.17375366
0.13	0.1412537545	55.0499592
0.13	0.1584893192	50.44435622
0.13	0.177827941	42.01651989
0.13	0.1995262315	38.6230062
0.13	0.2238721139	33.88411034
0.13	0.2511886432	30.17969803
0.13	0.2818382931	26.47113336
0.13	0.316227766	25.23484008
0.13	0.3548133892	19.46533391
0.13	0.3981071706	19.05319115
0.13	0.4466835922	14.51884902
0.13	0.5011872336	12.25131235
0.13	0.5623413252	10.86544291
0.13	0.6309573445	10.86544291
0.13	0.7079457844	7.180880066
0.13	0.7943282347	7.180880066
0.13	0.85	6.193513154
0.13	0.95	6.00804424
0.13	1.05	5.080538629
0.13	1.2	4.153118426
0.13	1.4	3.59651013
0.13	1.6	3.22534338
0.13	1.9	2.062579822
0.13	2.2	1.443479866
0.13	2.4	1.443479866
0.13	2.7	1.443479866
0.13	3	1.360835422
0.13	3.141592654	1.360835422
0.15	1e-05	376.9499712
0.15	5e-05	376.9499712
0.15	0.0001	376.9499712
0.15	0.0003	376.9499712
0.15	0.0006	376.9499712
0.15	0.001	376.9499712
0.15	0.002	376.9499712
0.15	0.004	376.9499712
0.15	0.006	376.9499712
0.15	0.008	376.9499712
0.15	0.01	376.9499712
0.15	0.01122018454	376.9499712
0.15	0.01258925412	376.9499712
0.15	0.01412537545	376.9499712
0.15	0.01584893192	366.648983
0.15	0.0177827941	366.648983
0.15	0.01995262315	366.648983
0.15	0.02238721139	366.648983
0.15	0.02511886432	366.648983
0.15	0.02818382931	284.2384985
0.15	0.0316227766	284.2384985
0.15	0.03548133892	284.2384985
0.15	0.03981071706	284.2384985
0.15	0.04466835922	212.1226423
0.15	0.05011872336	173.5410471
0.15	0.05623413252	173.5410471
0.15	0.06309573445	173.5410471
0.15	0.07079457844	111.7304815
0.15	0.07943282347	101.4274687
0.15	0.08912509381	91.12377474
0.15	0.1	80.81913903
0.15	0.1122018454	80.81913903
0.15	0.1258925412	55.0499592
0.15	0.1412537545	55.0499592
0.15	0.1584893192	47.37395424
0.15	0.177827941	41.1922746
0.15	0.1995262315	35.53641846
0.15	0.2238721139	30.38578602
0.15	0.2511886432	27.29529199
0.15	0.2818382931	27.29529199
0.15	0.316227766	27.29529199
0.15	0.3548133892	19.05319115
0.15	0.3981071706	19.05319115
0.15	0.4466835922	12.86985
0.15	0.5011872336	11.83895392
0.15	0.5623413252	9.529171516
0.15	0.6309573445	9.529171516
0.15	0.7079457844	7.468212087
0.15	0.7943282347	7.468212087
0.15	0.85	5.822600568
0.15	0.95	5.51348571
0.15	1.05	3.967643025
0.15	1.2	3.658389054
0.15	1.4	3.3490882
0.15	1.6	3.3490882
0.15	1.9	1.88569412
0.15	2.2	1.443479866
0.15	2.4	1.443479866
0.15	2.7	1.443479866
0.15	3	1.443479866
0.15	3.141592654	1.443479866
0.2	1e-05	376.9499712
0.2	5e-05	376.9499712
0.2	0.0001	376.9499712
0.2	0.0003	376.9499712
0.2	0.0006	376.9499712
0.2	0.001	376.9499712
0.2	0.002	376.9499712
0.2	0.004	376.9499712
0.2	0.006	376.9499712
0.2	0.008	376.9499712
0.2	0.01	376.9499712
0.2	0.01122018454	376.9499712
0.2	0.01258925412	376.9499712
0.2	0.01412537545	376.9499712
0.2	0.01584893192	376.9499712
0.2	0.0177827941	376.9499712
0.2	0.01995262315	356.3479376
0.2	0.02238721139	356.3479376
0.2	0.02511886432	356.3479376
0.2	0.02818382931	356.3479376
0.2	0.0316227766	335.7456544
0.2	0.03548133892	263.6348532
0.2	0.03981071706	212.1226423
0.2	0.04466835922	212.1226423
0.2	0.05011872336	212.1226423
0.2	0.05623413252	212.1226423
0.2	0.06309573445	127.1840856
0.2	0.07079457844	116.8817888
0.2	0.07943282347	106.5790479
0.2	0.08912509381	106.5790479
0.2	0.1	106.5790479
0.2	0.1122018454	70.51314872
0.2	0.1258925412	60.2051082
0.2	0.1412537545	55.0499592
0.2	0.1584893192	55.0499592
0.2	0.177827941	45.31344527
0.2	0.1995262315	45.31344527
0.2	0.2238721139	41.1922746
0.2	0.2511886432	25.23489542
0.2	0.2818382931	24.20467182
0.2	0.316227766	24.20467182
0.2	0.3548133892	24.20467182
0.2	0.3981071706	13.90061322
0.2	0.4466835922	13.90061322
0.2	0.5011872336	13.90061322
0.2	0.5623413252	12.86985
0.2	0.6309573445	8.498749954
0.2	0.7079457844	7.983498373
0.2	0.7943282347	7.983498373
0.2	0.85	5.51348571
0.2	0.95	4.276860282
0.2	1.05	4.276860282
0.2	1.2	4.276860282
0.2	1.4	3.658389054
0.2	1.6	3.658389054
0.2	1.9	1.443479866
0.2	2.2	1.443479866
0.2	2.4	1.443479866
0.2	2.7	1.443479866
0.2	3	1.443479866
0.2	3.141592654	1.443479866
0.25	1e-05	376.9499712
0.25	5e-05	376.9499712
0.25	0.0001	376.9499712
0.25	0.0003	376.9499712
0.25	0.0006	376.9499712
0.25	0.001	376.9499712
0.25	0.002	376.9499712
0.25	0.004	376.9499712
0.25	0.006	376.9499712
0.25	0.008	376.9499712
0.25	0.01	376.9499712
0.25	0.01122018454	376.9499712
0.25	0.01258925412	376.9499712
0.25	0.01412537545	366.648983
0.25	0.01584893192	366.648983
0.25	0.0177827941	366.648983
0.25	0.01995262315	356.3479376
0.25	0.02238721139	346.04683
0.25	0.02511886432	335.7456544
0.25	0.02818382931	315.1430727
0.25	0.0316227766	253.3328083
0.25	0.03548133892	253.3328083
0.25	0.03981071706	253.3328083
0.25	0.04466835922	253.3328083
0.25	0.05011872336	188.9926088
0.25	0.05623413252	188.9926088
0.25	0.06309573445	178.6915977
0.25	0.07079457844	101.4274687
0.25	0.07943282347	96.27572055
0.25	0.08912509381	91.12377474
0.25	0.1	75.66634779
0.25	0.1122018454	75.66634779
0.25	0.1258925412	75.66634779
0.25	0.1412537545	55.0499592
0.25	0.1584893192	51.49485
0.25	0.177827941	51.49485
0.25	0.1995262315	51.49485
0.25	0.2238721139	28.32546865
0.25	0.2511886432	28.32546865
0.25	0.2818382931	24.20467182
0.25	0.316227766	19.05319115
0.25	0.3548133892	19.05319115
0.25	0.3981071706	16.99234754
0.25	0.4466835922	12.86985
0.25	0.5011872336	12.86985
0.25	0.5623413252	9.529171516
0.25	0.6309573445	8.498749954
0.25	0.7079457844	7.983498373
0.25	0.7943282347	7.983498373
0.25	0.85	6.440797216
0.25	0.95	6.440797216
0.25	1.05	6.131703847
0.25	1.2	6.131703847
0.25	1.4	6.131703847
0.25	1.6	2.730282105
0.25	1.9	1.340174311
0.25	2.2	1.236868757
0.25	2.4	1.236868757
0.25	2.7	1.133440816
0.25	3	1.030012875
0.25	3.141592654	1.030012875
0.3	1e-05	376.9499712
0.3	5e-05	376.9499712
0.3	0.0001	376.9499712
0.3	0.0003	376.9499712
0.3	0.0006	376.9499712
0.3	0.001	376.9499712
0.3	0.002	376.9499712
0.3	0.004	376.9499712
0.3	0.006	376.9499712
0.3	0.008	376.9499712
0.3	0.01	376.9499712
0.3	0.01122018454	376.9499712
0.3	0.01258925412	366.648983
0.3	0.01412537545	356.3479376
0.3	0.01584893192	356.3479376
0.3	0.0177827941	356.3479376
0.3	0.01995262315	356.3479376
0.3	0.02238721139	346.04683
0.3	0.02511886432	304.841651
0.3	0.02818382931	304.841651
0.3	0.0316227766	263.6348532
0.3	0.03548133892	263.6348532
0.3	0.03981071706	263.6348532
0.3	0.04466835922	204.4439344
0.3	0.05011872336	183.8421174
0.3	0.05623413252	173.5410471
0.3	0.06309573445	173.5410471
0.3	0.07079457844	173.5410471
0.3	0.07943282347	122.0329857
0.3	0.08912509381	122.0329857
0.3	0.1	122.0329857
0.3	0.1122018454	60.2051082
0.3	0.1258925412	60.2051082
0.3	0.1412537545	55.0499592
0.3	0.1584893192	55.0499592
0.3	0.177827941	45.31344527
0.3	0.1995262315	39.13159681
0.3	0.2238721139	34.50630708
0.3	0.2511886432	31.4159291
0.3	0.2818382931	25.23489542
0.3	0.316227766	23.17442834
0.3	0.3548133892	20.08354804
0.3	0.3981071706	20.08354804
0.3	0.4466835922	14.93127111
0.3	0.5011872336	12.86985
0.3	0.5623413252	9.529171516
0.3	0.6309573445	9.529171516
0.3	0.7079457844	7.468212087
0.3	0.7943282347	6.440797216
0.3	0.85	6.131703847
0.3	0.95	6.131703847
0.3	1.05	4.586048252
0.3	1.2	3.967643025
0.3	1.4	3.039726151
0.3	1.6	3.039726151
0.3	1.9	1.443479866
0.3	2.2	1.443479866
0.3	2.4	1.443479866
0.3	2.7	1.443479866
0.3	3	1.443479866
0.3	3.141592654	1.443479866
0.35	1e-05	376.9499712
0.35	5e-05	376.9499712
0.35	0.0001	376.9499712
0.35	0.0003	376.9499712
0.35	0.0006	376.9499712
0.35	0.001	376.9499712
0.35	0.002	376.9499712
0.35	0.004	376.9499712
0.35	0.006	376.9499712
0.35	0.008	376.9499712
0.35	0.01	376.9499712
0.35	0.01122018454	376.9499712
0.35	0.01258925412	376.9499712
0.35	0.01412537545	376.9499712
0.35	0.01584893192	366.648983
0.35	0.0177827941	366.648983
0.35	0.01995262315	366.648983
0.35	0.02238721139	366.648983
0.35	0.02511886432	325.4444044
0.35	0.02818382931	294.5401299
0.35	0.0316227766	243.0305899
0.35	0.03548133892	243.0305899
0.35	0.03981071706	243.0305899
0.35	0.04466835922	178.6915977
0.35	0.05011872336	178.6915977
0.35	0.05623413252	147.7877188
0.35	0.06309573445	147.7877188
0.35	0.07079457844	111.7304815
0.35	0.07943282347	106.5790479
0.35	0.08912509381	80.81913903
0.35	0.1	75.66634779
0.35	0.1122018454	70.51314872
0.35	0.1258925412	70.51314872
0.35	0.1412537545	55.0499592
0.35	0.1584893192	41.1922746
0.35	0.177827941	39.13159681
0.35	0.1995262315	33.47618884
0.35	0.2238721139	30.38578602
0.35	0.2511886432	25.23489542
0.35	0.2818382931	25.23489542
0.35	0.316227766	22.14416221
0.35	0.3548133892	18.02279346
0.35	0.3981071706	15.96184407
0.35	0.4466835922	15.96184407
0.35	0.5011872336	15.96184407
0.35	0.5623413252	11.83895392
0.35	0.6309573445	11.83895392
0.35	0.7079457844	9.529171516
0.35	0.7943282347	9.529171516
0.35	0.85	9.529171516
0.35	0.95	5.20435721
0.35	1.05	3.967643025
0.35	1.2	3.658389054
0.35	1.4	3.658389054
0.35	1.6	2.268813197
0.35	1.9	1.443479866
0.35	2.2	1.443479866
0.35	2.4	1.443479866
0.35	2.7	1.443479866
0.35	3	1.443479866
0.35	3.141592654	1.443479866
0.4	1e-05	376.9499712
0.4	5e-05	376.9499712
0.4	0.0001	376.9499712
0.4	0.0003	376.9499712
0.4	0.0006	376.9499712
0.4	0.001	376.9499712
0.4	0.002	376.9499712
0.4	0.004	376.9499712
0.4	0.006	376.9499712
0.4	0.008	376.9499712
0.4	0.01	376.9499712
0.4	0.01122018454	376.9499712
0.4	0.01258925412	376.9499712
0.4	0.01412537545	376.9499712
0.4	0.01584893192	366.648983
0.4	0.0177827941	366.648983
0.4	0.01995262315	346.04683
0.4	0.02238721139	335.7456544
0.4	0.02511886432	315.1430727
0.4	0.02818382931	315.1430727
0.4	0.0316227766	284.2384985
0.4	0.03548133892	284.2384985
0.4	0.03981071706	212.1226423
0.4	0.04466835922	212.1226423
0.4	0.05011872336	163.2398418
0.4	0.05623413252	163.2398418
0.4	0.06309573445	137.4860383
0.4	0.07079457844	137.4860383
0.4	0.07943282347	116.8817888
0.4	0.08912509381	116.8817888
0.4	0.1	101.4274687
0.4	0.1122018454	75.66634779
0.4	0.1258925412	75.66634779
0.4	0.1412537545	70.51314872
0.4	0.1584893192	43.25288782
0.4	0.177827941	41.1922746
0.4	0.1995262315	34.50630708
0.4	0.2238721139	34.50630708
0.4	0.2511886432	29.3556329
0.4	0.2818382931	29.3556329
0.4	0.316227766	29.3556329
0.4	0.3548133892	24.20467182
0.4	0.3981071706	24.20467182
0.4	0.4466835922	15.96184407
0.4	0.5011872336	14.93127111
0.4	0.5623413252	11.83895392
0.4	0.6309573445	8.498749954
0.4	0.7079457844	8.498749954
0.4	0.7943282347	6.440797216
0.4	0.85	6.440797216
0.4	0.95	5.51348571
0.4	1.05	4.586048252
0.4	1.2	4.276860282
0.4	1.4	3.3490882
0.4	1.6	2.475007702
0.4	1.9	1.236868757
0.4	2.2	1.236868757
0.4	2.4	1.236868757
0.4	2.7	1.236868757
0.4	3	1.236868757
0.4	3.141592654	1.236868757
0.45	1e-05	376.9499712
0.45	5e-05	376.9499712
0.45	0.0001	376.9499712
0.45	0.0003	376.9499712
0.45	0.0006	376.9499712
0.45	0.001	376.9499712
0.45	0.002	376.9499712
0.45	0.004	376.9499712
0.45	0.006	376.9499712
0.45	0.008	376.9499712
0.45	0.01	376.9499712
0.45	0.01122018454	376.9499712
0.45	0.01258925412	376.9499712
0.45	0.01412537545	376.9499712
0.45	0.01584893192	376.9499712
0.45	0.0177827941	366.648983
0.45	0.01995262315	366.648983
0.45	0.02238721139	366.648983
0.45	0.02511886432	366.648983
0.45	0.02818382931	253.3328083
0.45	0.0316227766	243.0305899
0.45	0.03548133892	243.0305899
0.45	0.03981071706	232.7281753
0.45	0.04466835922	232.7281753
0.45	0.05011872336	188.9926088
0.45	0.05623413252	147.7877188
0.45	0.06309573445	147.7877188
0.45	0.07079457844	127.1840856
0.45	0.07943282347	127.1840856
0.45	0.08912509381	127.1840856
0.45	0.1	75.66634779
0.45	0.1122018454	75.66634779
0.45	0.1258925412	65.35944536
0.45	0.1412537545	55.0499592
0.45	0.1584893192	55.0499592
0.45	0.177827941	55.0499592
0.45	0.1995262315	41.1922746
0.45	0.2238721139	41.1922746
0.45	0.2511886432	41.1922746
0.45	0.2818382931	29.3556329
0.45	0.316227766	21.11387011
0.45	0.3548133892	21.11387011
0.45	0.3981071706	19.05319115
0.45	0.4466835922	19.05319115
0.45	0.5011872336	14.93127111
0.45	0.5623413252	14.93127111
0.45	0.6309573445	14.93127111
0.45	0.7079457844	7.983498373
0.45	0.7943282347	6.440797216
0.45	0.85	6.131703847
0.45	0.95	4.895212485
0.45	1.05	4.895212485
0.45	1.2	4.276860282
0.45	1.4	3.658389054
0.45	1.6	2.730282105
0.45	1.9	1.443479866
0.45	2.2	1.443479866
0.45	2.4	1.443479866
0.45	2.7	1.443479866
0.45	3	1.443479866
0.45	3.141592654	1.443479866
0.5	1e-05	376.9499712
0.5	5e-05	376.9499712
0.5	0.0001	376.9499712
0.5	0.0003	376.9499712
0.5	0.0006	376.9499712
0.5	0.001	376.9499712
0.5	0.002	376.9499712
0.5	0.004	376.9499712
0.5	0.006	376.9499712
0.5	0.008	376.9499712
0.5	0.01	376.9499712
0.5	0.01122018454	376.9499712
0.5	0.01258925412	376.9499712
0.5	0.01412537545	376.9499712
0.5	0.01584893192	376.9499712
0.5	0.0177827941	356.3479376
0.5	0.01995262315	356.3479376
0.5	0.02238721139	335.7456544
0.5	0.02511886432	335.7456544
0.5	0.02818382931	335.7456544
0.5	0.0316227766	284.2384985
0.5	0.03548133892	284.2384985
0.5	0.03981071706	284.2384985
0.5	0.04466835922	194.1430741
0.5	0.05011872336	194.1430741
0.5	0.05623413252	194.1430741
0.5	0.06309573445	194.1430741
0.5	0.07079457844	116.8817888
0.5	0.07943282347	116.8817888
0.5	0.08912509381	116.8817888
0.5	0.1	111.7304815
0.5	0.1122018454	106.5790479
0.5	0.1258925412	75.66634779
0.5	0.1412537545	75.66634779
0.5	0.1584893192	60.2051082
0.5	0.177827941	60.2051082
0.5	0.1995262315	45.31344527
0.5	0.2238721139	39.13159681
0.5	0.2511886432	39.13159681
0.5	0.2818382931	29.3556329
0.5	0.316227766	22.14416221
0.5	0.3548133892	19.05319115
0.5	0.3981071706	19.05319115
0.5	0.4466835922	19.05319115
0.5	0.5011872336	14.93127111
0.5	0.5623413252	10.80788698
0.5	0.6309573445	10.80788698
0.5	0.7079457844	9.529171516
0.5	0.7943282347	9.529171516
0.5	0.85	6.131703847
0.5	0.95	5.51348571
0.5	1.05	4.586048252
0.5	1.2	4.586048252
0.5	1.4	3.967643025
0.5	1.6	3.3490882
0.5	1.9	1.443479866
0.5	2.2	1.443479866
0.5	2.4	1.443479866
0.5	2.7	1.443479866
0.5	3	1.443479866
0.5	3.141592654	1.443479866
0.54	1e-05	376.9499712
0.54	5e-05	376.9499712
0.54	0.0001	376.9499712
0.54	0.0003	376.9499712
0.54	0.0006	376.9499712
0.54	0.001	376.9499712
0.54	0.002	376.9499712
0.54	0.004	376.9499712
0.54	0.006	376.9499712
0.54	0.008	376.9499712
0.54	0.01	376.9499712
0.54	0.01122018454	376.9499712
0.54	0.01258925412	376.9499712
0.54	0.01412537545	368.7091806
0.54	0.01584893192	360.4683443
0.54	0.0177827941	348.1070515
0.54	0.01995262315	348.1070515
0.54	0.02238721139	343.9865949
0.54	0.02511886432	335.7456544
0.54	0.02818382931	335.7456544
0.54	0.0316227766	325.4442232
0.54	0.03548133892	300.7210205
0.54	0.03981071706	300.7210205
0.54	0.04466835922	249.7364974
0.54	0.05011872336	249.7364974
0.54	0.05623413252	165.299959
0.54	0.06309573445	140.5758833
0.54	0.07079457844	125.1236262
0.54	0.07943282347	125.1236262
0.54	0.08912509381	108.6395961
0.54	0.1	95.24511609
0.54	0.1122018454	85.9711208
0.54	0.1258925412	75.66634779
0.54	0.1412537545	75.66634779
0.54	0.1584893192	68.45154062
0.54	0.177827941	56.080989
0.54	0.1995262315	53.10265641
0.54	0.2238721139	36.25545413
0.54	0.2511886432	32.13494818
0.54	0.2818382931	30.1797554
0.54	0.316227766	27.91333876
0.54	0.3548133892	20.70173432
0.54	0.3981071706	17.40451626
0.54	0.4466835922	14.93112881
0.54	0.5011872336	13.28213422
0.54	0.5623413252	10.80788698
0.54	0.6309573445	10.80788698
0.54	0.7079457844	9.941314199
0.54	0.7943282347	7.30573993
0.54	0.85	5.884421224
0.54	0.95	5.51348571
0.54	1.05	5.327998218
0.54	1.2	5.080695418
0.54	1.4	3.967643025
0.54	1.6	2.854043324
0.54	1.9	1.443479866
0.54	2.2	1.443479866
0.54	2.4	1.443479866
0.54	2.7	1.443479866
0.54	3	1.443479866
0.54	3.141592654	1.443479866
0.55	1e-05	376.9499712
0.55	5e-05	376.9499712
0.55	0.0001	376.9499712
0.55	0.0003	376.9499712
0.55	0.0006	376.9499712
0.55	0.001	376.9499712
0.55	0.002	376.9499712
0.55	0.004	376.9499712
0.55	0.006	376.9499712
0.55	0.008	376.9499712
0.55	0.01	376.9499712
0.55	0.01122018454	376.9499712
0.55	0.01258925412	376.9499712
0.55	0.01412537545	366.648983
0.55	0.01584893192	356.3479376
0.55	0.0177827941	346.04683
0.55	0.01995262315	346.04683
0.55	0.02238721139	346.04683
0.55	0.02511886432	335.7456544
0.55	0.02818382931	335.7456544
0.55	0.0316227766	335.7456544
0.55	0.03548133892	304.841651
0.55	0.03981071706	304.841651
0.55	0.04466835922	263.6348532
0.55	0.05011872336	263.6348532
0.55	0.05623413252	158.0891802
0.55	0.06309573445	127.1840856
0.55	0.07079457844	127.1840856
0.55	0.07943282347	127.1840856
0.55	0.08912509381	106.5790479
0.55	0.1	91.12377474
0.55	0.1122018454	80.81913903
0.55	0.1258925412	75.66634779
0.55	0.1412537545	75.66634779
0.55	0.1584893192	70.51314872
0.55	0.177827941	55.0499592
0.55	0.1995262315	55.0499592
0.55	0.2238721139	35.53641846
0.55	0.2511886432	30.38578602
0.55	0.2818382931	30.38578602
0.55	0.316227766	29.3556329
0.55	0.3548133892	21.11387011
0.55	0.3981071706	16.99234754
0.55	0.4466835922	13.90061322
0.55	0.5011872336	12.86985
0.55	0.5623413252	10.80788698
0.55	0.6309573445	10.80788698
0.55	0.7079457844	10.04434987
0.55	0.7943282347	6.749882034
0.55	0.85	5.822600568
0.55	0.95	5.51348571
0.55	1.05	5.51348571
0.55	1.2	5.20435721
0.55	1.4	3.967643025
0.55	1.6	2.730282105
0.55	1.9	1.443479866
0.55	2.2	1.443479866
0.55	2.4	1.443479866
0.55	2.7	1.443479866
0.55	3	1.443479866
0.55	3.141592654	1.443479866
0.6	1e-05	376.9499712
0.6	5e-05	376.9499712
0.6	0.0001	376.9499712
0.6	0.0003	376.9499712
0.6	0.0006	376.9499712
0.6	0.001	376.9499712
0.6	0.002	376.9499712
0.6	0.004	376.9499712
0.6	0.006	376.9499712
0.6	0.008	376.9499712
0.6	0.01	376.9499712
0.6	0.01122018454	376.9499712
0.6	0.01258925412	376.9499712
0.6	0.01412537545	376.9499712
0.6	0.01584893192	376.9499712
0.6	0.0177827941	346.04683
0.6	0.01995262315	335.7456544
0.6	0.02238721139	335.7456544
0.6	0.02511886432	284.2384985
0.6	0.02818382931	284.2384985
0.6	0.0316227766	273.9367444
0.6	0.03548133892	273.9367444
0.6	0.03981071706	199.2935154
0.6	0.04466835922	199.2935154
0.6	0.05011872336	199.2935154
0.6	0.05623413252	142.6369089
0.6	0.06309573445	142.6369089
0.6	0.07079457844	142.6369089
0.6	0.07943282347	142.6369089
0.6	0.08912509381	132.3351
0.6	0.1	85.97159576
0.6	0.1122018454	85.97159576
0.6	0.1258925412	85.97159576
0.6	0.1412537545	85.97159576
0.6	0.1584893192	55.0499592
0.6	0.177827941	41.1922746
0.6	0.1995262315	41.1922746
0.6	0.2238721139	39.13159681
0.6	0.2511886432	29.3556329
0.6	0.2818382931	29.3556329
0.6	0.316227766	29.3556329
0.6	0.3548133892	22.14416221
0.6	0.3981071706	16.99234754
0.6	0.4466835922	15.96184407
0.6	0.5011872336	14.93127111
0.6	0.5623413252	13.90061322
0.6	0.6309573445	9.01397278
0.6	0.7079457844	9.01397278
0.6	0.7943282347	6.440797216
0.6	0.85	6.440797216
0.6	0.95	6.440797216
0.6	1.05	6.440797216
0.6	1.2	6.440797216
0.6	1.4	3.967643025
0.6	1.6	3.3490882
0.6	1.9	1.236868757
0.6	2.2	1.236868757
0.6	2.4	1.236868757
0.6	2.7	1.236868757
0.6	3	1.236868757
0.6	3.141592654	1.236868757
0.65	1e-05	376.9499712
0.65	5e-05	376.9499712
0.65	0.0001	376.9499712
0.65	0.0003	376.9499712
0.65	0.0006	376.9499712
0.65	0.001	376.9499712
0.65	0.002	376.9499712
0.65	0.004	376.9499712
0.65	0.006	376.9499712
0.65	0.008	376.9499712
0.65	0.01	376.9499712
0.65	0.01122018454	376.9499712
0.65	0.01258925412	376.9499712
0.65	0.01412537545	376.9499712
0.65	0.01584893192	376.9499712
0.65	0.0177827941	376.9499712
0.65	0.01995262315	376.9499712
0.65	0.02238721139	366.648983
0.65	0.02511886432	315.1430727
0.65	0.02818382931	284.2384985
0.65	0.0316227766	273.9367444
0.65	0.03548133892	222.4255369
0.65	0.03981071706	222.4255369
0.65	0.04466835922	222.4255369
0.65	0.05011872336	222.4255369
0.65	0.05623413252	173.5410471
0.65	0.06309573445	173.5410471
0.65	0.07079457844	158.0891802
0.65	0.07943282347	101.4274687
0.65	0.08912509381	101.4274687
0.65	0.1	101.4274687
0.65	0.1122018454	85.97159576
0.65	0.1258925412	85.97159576
0.65	0.1412537545	85.97159576
0.65	0.1584893192	70.51314872
0.65	0.177827941	70.51314872
0.65	0.1995262315	41.1922746
0.65	0.2238721139	31.4159291
0.65	0.2511886432	30.38578602
0.65	0.2818382931	23.17442834
0.65	0.316227766	23.17442834
0.65	0.3548133892	23.17442834
0.65	0.3981071706	16.99234754
0.65	0.4466835922	14.93127111
0.65	0.5011872336	11.83895392
0.65	0.5623413252	11.83895392
0.65	0.6309573445	8.498749954
0.65	0.7079457844	7.983498373
0.65	0.7943282347	6.749882034
0.65	0.85	5.20435721
0.65	0.95	5.20435721
0.65	1.05	5.20435721
0.65	1.2	5.20435721
0.65	1.4	5.20435721
0.65	1.6	2.475007702
0.65	1.9	1.443479866
0.65	2.2	1.443479866
0.65	2.4	1.443479866
0.65	2.7	1.443479866
0.65	3	1.443479866
0.65	3.141592654	1.443479866
0.7	1e-05	376.9499712
0.7	5e-05	376.9499712
0.7	0.0001	376.9499712
0.7	0.0003	376.9499712
0.7	0.0006	376.9499712
0.7	0.001	376.9499712
0.7	0.002	376.9499712
0.7	0.004	376.9499712
0.7	0.006	376.9499712
0.7	0.008	376.9499712
0.7	0.01	376.9499712
0.7	0.01122018454	376.9499712
0.7	0.01258925412	376.9499712
0.7	0.01412537545	366.648983
0.7	0.01584893192	366.648983
0.7	0.0177827941	366.648983
0.7	0.01995262315	356.3479376
0.7	0.02238721139	356.3479376
0.7	0.02511886432	356.3479376
0.7	0.02818382931	356.3479376
0.7	0.0316227766	273.9367444
0.7	0.03548133892	273.9367444
0.7	0.03981071706	253.3328083
0.7	0.04466835922	253.3328083
0.7	0.05011872336	173.5410471
0.7	0.05623413252	173.5410471
0.7	0.06309573445	173.5410471
0.7	0.07079457844	173.5410471
0.7	0.07943282347	111.7304815
0.7	0.08912509381	91.12377474
0.7	0.1	91.12377474
0.7	0.1122018454	80.81913903
0.7	0.1258925412	80.81913903
0.7	0.1412537545	65.35944536
0.7	0.1584893192	60.2051082
0.7	0.177827941	55.0499592
0.7	0.1995262315	55.0499592
0.7	0.2238721139	41.1922746
0.7	0.2511886432	31.4159291
0.7	0.2818382931	31.4159291
0.7	0.316227766	27.29529199
0.7	0.3548133892	21.11387011
0.7	0.3981071706	18.02279346
0.7	0.4466835922	15.96184407
0.7	0.5011872336	11.83895392
0.7	0.5623413252	11.83895392
0.7	0.6309573445	11.83895392
0.7	0.7079457844	11.83895392
0.7	0.7943282347	9.01397278
0.7	0.85	9.01397278
0.7	0.95	6.131703847
0.7	1.05	6.131703847
0.7	1.2	3.658389054
0.7	1.4	3.039726151
0.7	1.6	2.730282105
0.7	1.9	1.649938157
0.7	2.2	1.649938157
0.7	2.4	1.649938157
0.7	2.7	1.649938157
0.7	3	1.649938157
0.7	3.141592654	1.649938157
0.74	1e-05	376.9499712
0.74	5e-05	376.9499712
0.74	0.0001	376.9499712
0.74	0.0003	376.9499712
0.74	0.0006	376.9499712
0.74	0.001	376.9499712
0.74	0.002	376.9499712
0.74	0.004	376.9499712
0.74	0.006	376.9499712
0.74	0.008	376.9499712
0.74	0.01	376.9499712
0.74	0.01122018454	376.9499712
0.74	0.01258925412	376.9499712
0.74	0.01412537545	376.9499712
0.74	0.01584893192	366.648983
0.74	0.0177827941	366.648983
0.74	0.01995262315	366.648983
0.74	0.02238721139	366.648983
0.74	0.02511886432	346.04683
0.74	0.02818382931	346.04683
0.74	0.0316227766	346.04683
0.74	0.03548133892	346.04683
0.74	0.03981071706	178.6915977
0.74	0.04466835922	178.6915977
0.74	0.05011872336	178.6915977
0.74	0.05623413252	178.6915977
0.74	0.06309573445	137.4860383
0.74	0.07079457844	137.4860383
0.74	0.07943282347	116.8817888
0.74	0.08912509381	106.5790479
0.74	0.1	85.97159576
0.74	0.1122018454	85.97159576
0.74	0.1258925412	65.35944536
0.74	0.1412537545	60.2051082
0.74	0.1584893192	60.2051082
0.74	0.177827941	45.31344527
0.74	0.1995262315	34.50630708
0.74	0.2238721139	31.4159291
0.74	0.2511886432	26.26510149
0.74	0.2818382931	25.23489542
0.74	0.316227766	18.02279346
0.74	0.3548133892	18.02279346
0.74	0.3981071706	15.96184407
0.74	0.4466835922	13.90061322
0.74	0.5011872336	12.86985
0.74	0.5623413252	11.83895392
0.74	0.6309573445	10.04434987
0.74	0.7079457844	7.468212087
0.74	0.7943282347	6.749882034
0.74	0.85	6.749882034
0.74	0.95	5.20435721
0.74	1.05	5.20435721
0.74	1.2	5.20435721
0.74	1.4	5.20435721
0.74	1.6	3.658389054
0.74	1.9	2.475007702
0.74	2.2	2.475007702
0.74	2.4	2.475007702
0.74	2.7	2.475007702
0.74	3	2.475007702
0.74	3.141592654	2.475007702
0.75	1e-05	376.9499712
0.75	5e-05	376.9499712
0.75	0.0001	376.9499712
0.75	0.0003	376.9499712
0.75	0.0006	376.9499712
0.75	0.001	376.9499712
0.75	0.002	376.9499712
0.75	0.004	376.9499712
0.75	0.006	376.9499712
0.75	0.008	376.9499712
0.75	0.01	374.0068317
0.75	0.01122018454	374.0068317
0.75	0.01258925412	374.0068317
0.75	0.01412537545	374.0068317
0.75	0.01584893192	354.8762463
0.75	0.0177827941	348.9897453
0.75	0.01995262315	348.9897453
0.75	0.02238721139	348.9897453
0.75	0.02511886432	334.2739217
0.75	0.02818382931	319.5571095
0.75	0.0316227766	305.5888598
0.75	0.03548133892	305.5888598
0.75	0.03981071706	171.3335624
0.75	0.04466835922	171.3335624
0.75	0.05011872336	163.9751657
0.75	0.05623413252	163.9751657
0.75	0.06309573445	130.1273078
0.75	0.07079457844	124.2396773
0.75	0.07943282347	109.5223562
0.75	0.08912509381	102.1632556
0.75	0.1	87.4436469
0.75	0.1122018454	77.13684246
0.75	0.1258925412	60.22073361
0.75	0.1412537545	56.53906421
0.75	0.1584893192	56.53906421
0.75	0.177827941	41.34272636
0.75	0.1995262315	32.74035324
0.75	0.2238721139	29.94426407
0.75	0.2511886432	26.26510149
0.75	0.2818382931	25.52924001
0.75	0.316227766	20.37773861
0.75	0.3548133892	17.13950136
0.75	0.3981071706	15.37292097
0.75	0.4466835922	13.90061322
0.75	0.5011872336	11.76817079
0.75	0.5623413252	10.88460993
0.75	0.6309573445	9.308310503
0.75	0.7079457844	7.174664981
0.75	0.7943282347	6.573259695
0.75	0.85	6.484944472
0.75	0.95	5.380998169
0.75	1.05	5.380998169
0.75	1.2	5.380998169
0.75	1.4	4.762652023
0.75	1.6	3.570017381
0.75	1.9	2.239273546
0.75	2.2	2.239273546
0.75	2.4	2.239273546
0.75	2.7	2.239273546
0.75	3	2.239273546
0.75	3.141592654	2.239273546
0.775	1e-05	376.9499712
0.775	5e-05	376.9499712
0.775	0.0001	376.9499712
0.775	0.0003	376.9499712
0.775	0.0006	376.9499712
0.775	0.001	376.9499712
0.775	0.002	376.9499712
0.775	0.004	376.9499712
0.775	0.006	376.9499712
0.775	0.008	376.9499712
0.775	0.01	366.648983
0.775	0.01122018454	366.648983
0.775	0.01258925412	366.648983
0.775	0.01412537545	366.648983
0.775	0.01584893192	325.4444044
0.775	0.0177827941	304.841651
0.775	0.01995262315	304.841651
0.775	0.02238721139	304.841651
0.775	0.02511886432	304.841651
0.775	0.02818382931	253.3328083
0.775	0.0316227766	204.4439344
0.775	0.03548133892	204.4439344
0.775	0.03981071706	152.9384741
0.775	0.04466835922	152.9384741
0.775	0.05011872336	127.1840856
0.775	0.05623413252	127.1840856
0.775	0.06309573445	111.7304815
0.775	0.07079457844	91.12377474
0.775	0.07943282347	91.12377474
0.775	0.08912509381	91.12377474
0.775	0.1	91.12377474
0.775	0.1122018454	55.0499592
0.775	0.1258925412	47.37395424
0.775	0.1412537545	47.37395424
0.775	0.1584893192	47.37395424
0.775	0.177827941	31.4159291
0.775	0.1995262315	28.32546865
0.775	0.2238721139	26.26510149
0.775	0.2511886432	26.26510149
0.775	0.2818382931	26.26510149
0.775	0.316227766	26.26510149
0.775	0.3548133892	14.93127111
0.775	0.3981071706	13.90061322
0.775	0.4466835922	13.90061322
0.775	0.5011872336	9.01397278
0.775	0.5623413252	8.498749954
0.775	0.6309573445	7.468212087
0.775	0.7079457844	6.440797216
0.775	0.7943282347	6.131703847
0.775	0.85	5.822600568
0.775	0.95	5.822600568
0.775	1.05	5.822600568
0.775	1.2	5.822600568
0.775	1.4	3.658389054
0.775	1.6	3.3490882
0.775	1.9	1.649938157
0.775	2.2	1.649938157
0.775	2.4	1.649938157
0.775	2.7	1.649938157
0.775	3	1.649938157
0.775	3.141592654	1.649938157
0.81	1e-05	376.9499712
0.81	5e-05	376.9499712
0.81	0.0001	376.9499712
0.81	0.0003	376.9499712
0.81	0.0006	376.9499712
0.81	0.001	376.9499712
0.81	0.002	376.9499712
0.81	0.004	376.9499712
0.81	0.006	376.9499712
0.81	0.008	376.9499712
0.81	0.01	376.9499712
0.81	0.01122018454	376.9499712
0.81	0.01258925412	366.648983
0.81	0.01412537545	366.648983
0.81	0.01584893192	366.648983
0.81	0.0177827941	356.3479376
0.81	0.01995262315	346.04683
0.81	0.02238721139	325.4444044
0.81	0.02511886432	273.9367444
0.81	0.02818382931	263.6348532
0.81	0.0316227766	263.6348532
0.81	0.03548133892	232.7281753
0.81	0.03981071706	212.1226423
0.81	0.04466835922	178.6915977
0.81	0.05011872336	163.2398418
0.81	0.05623413252	163.2398418
0.81	0.06309573445	163.2398418
0.81	0.07079457844	163.2398418
0.81	0.07943282347	163.2398418
0.81	0.08912509381	101.4274687
0.81	0.1	91.12377474
0.81	0.1122018454	91.12377474
0.81	0.1258925412	70.51314872
0.81	0.1412537545	60.2051082
0.81	0.1584893192	60.2051082
0.81	0.177827941	49.43442079
0.81	0.1995262315	37.07084367
0.81	0.2238721139	37.07084367
0.81	0.2511886432	31.4159291
0.81	0.2818382931	27.29529199
0.81	0.316227766	27.29529199
0.81	0.3548133892	22.14416221
0.81	0.3981071706	22.14416221
0.81	0.4466835922	14.93127111
0.81	0.5011872336	13.90061322
0.81	0.5623413252	11.83895392
0.81	0.6309573445	11.83895392
0.81	0.7079457844	8.498749954
0.81	0.7943282347	7.058959426
0.81	0.85	7.058959426
0.81	0.95	7.058959426
0.81	1.05	7.058959426
0.81	1.2	7.058959426
0.81	1.4	7.058959426
0.81	1.6	3.3490882
0.81	1.9	1.856294622
0.81	2.2	1.856294622
0.81	2.4	1.856294622
0.81	2.7	1.856294622
0.81	3	1.856294622
0.81	3.141592654	1.856294622
0.85	1e-05	376.9499712
0.85	5e-05	376.9499712
0.85	0.0001	376.9499712
0.85	0.0003	376.9499712
0.85	0.0006	376.9499712
0.85	0.001	376.9499712
0.85	0.002	376.9499712
0.85	0.004	376.9499712
0.85	0.006	376.9499712
0.85	0.008	376.9499712
0.85	0.01	376.9499712
0.85	0.01122018454	376.9499712
0.85	0.01258925412	366.648983
0.85	0.01412537545	366.648983
0.85	0.01584893192	366.648983
0.85	0.0177827941	366.648983
0.85	0.01995262315	356.3479376
0.85	0.02238721139	335.7456544
0.85	0.02511886432	294.5401299
0.85	0.02818382931	294.5401299
0.85	0.0316227766	294.5401299
0.85	0.03548133892	294.5401299
0.85	0.03981071706	204.4439344
0.85	0.04466835922	183.8421174
0.85	0.05011872336	183.8421174
0.85	0.05623413252	158.0891802
0.85	0.06309573445	158.0891802
0.85	0.07079457844	127.1840856
0.85	0.07943282347	122.0329857
0.85	0.08912509381	96.27572055
0.85	0.1	96.27572055
0.85	0.1122018454	96.27572055
0.85	0.1258925412	65.35944536
0.85	0.1412537545	65.35944536
0.85	0.1584893192	60.2051082
0.85	0.177827941	43.25288782
0.85	0.1995262315	43.25288782
0.85	0.2238721139	37.07084367
0.85	0.2511886432	32.44606309
0.85	0.2818382931	27.29529199
0.85	0.316227766	24.20467182
0.85	0.3548133892	20.08354804
0.85	0.3981071706	15.96184407
0.85	0.4466835922	13.90061322
0.85	0.5011872336	13.90061322
0.85	0.5623413252	10.80788698
0.85	0.6309573445	10.04434987
0.85	0.7079457844	8.498749954
0.85	0.7943282347	8.498749954
0.85	0.85	8.498749954
0.85	0.95	8.498749954
0.85	1.05	8.498749954
0.85	1.2	5.822600568
0.85	1.4	5.822600568
0.85	1.6	3.039726151
0.85	1.9	1.649938157
0.85	2.2	1.649938157
0.85	2.4	1.649938157
0.85	2.7	1.649938157
0.85	3	1.649938157
0.85	3.141592654	1.649938157
0.9	1e-05	376.9499712
0.9	5e-05	376.9499712
0.9	0.0001	376.9499712
0.9	0.0003	376.9499712
0.9	0.0006	376.9499712
0.9	0.001	376.9499712
0.9	0.002	376.9499712
0.9	0.004	376.9499712
0.9	0.006	376.9499712
0.9	0.008	376.9499712
0.9	0.01	376.9499712
0.9	0.01122018454	376.9499712
0.9	0.01258925412	376.9499712
0.9	0.01412537545	366.648983
0.9	0.01584893192	366.648983
0.9	0.0177827941	366.648983
0.9	0.01995262315	366.648983
0.9	0.02238721139	325.4444044
0.9	0.02511886432	284.2384985
0.9	0.02818382931	284.2384985
0.9	0.0316227766	232.7281753
0.9	0.03548133892	232.7281753
0.9	0.03981071706	204.4439344
0.9	0.04466835922	204.4439344
0.9	0.05011872336	152.9384741
0.9	0.05623413252	152.9384741
0.9	0.06309573445	122.0329857
0.9	0.07079457844	116.8817888
0.9	0.07943282347	96.27572055
0.9	0.08912509381	96.27572055
0.9	0.1	80.81913903
0.9	0.1122018454	80.81913903
0.9	0.1258925412	65.35944536
0.9	0.1412537545	65.35944536
0.9	0.1584893192	65.35944536
0.9	0.177827941	65.35944536
0.9	0.1995262315	41.1922746
0.9	0.2238721139	41.1922746
0.9	0.2511886432	35.53641846
0.9	0.2818382931	28.32546865
0.9	0.316227766	25.23489542
0.9	0.3548133892	20.08354804
0.9	0.3981071706	16.99234754
0.9	0.4466835922	16.99234754
0.9	0.5011872336	16.99234754
0.9	0.5623413252	11.83895392
0.9	0.6309573445	11.83895392
0.9	0.7079457844	9.01397278
0.9	0.7943282347	8.498749954
0.9	0.85	5.51348571
0.9	0.95	4.895212485
0.9	1.05	4.586048252
0.9	1.2	4.586048252
0.9	1.4	4.276860282
0.9	1.6	2.730282105
0.9	1.9	1.649938157
0.9	2.2	1.649938157
0.9	2.4	1.649938157
0.9	2.7	1.649938157
0.9	3	1.649938157
0.9	3.141592654	1.649938157
0.958	1e-05	376.9499712
0.958	5e-05	376.9499712
0.958	0.0001	376.9499712
0.958	0.0003	376.9499712
0.958	0.0006	376.9499712
0.958	0.001	376.9499712
0.958	0.002	376.9499712
0.958	0.004	376.9499712
0.958	0.006	376.9499712
0.958	0.008	376.9499712
0.958	0.01	376.9499712
0.958	0.01122018454	376.9499712
0.958	0.01258925412	366.648983
0.958	0.01412537545	366.648983
0.958	0.01584893192	366.648983
0.958	0.0177827941	366.648983
0.958	0.01995262315	366.648983
0.958	0.02238721139	366.648983
0.958	0.02511886432	304.841651
0.958	0.02818382931	304.841651
0.958	0.0316227766	304.841651
0.958	0.03548133892	304.841651
0.958	0.03981071706	304.841651
0.958	0.04466835922	147.7877188
0.958	0.05011872336	147.7877188
0.958	0.05623413252	147.7877188
0.958	0.06309573445	132.3351
0.958	0.07079457844	132.3351
0.958	0.07943282347	122.0329857
0.958	0.08912509381	96.27572055
0.958	0.1	96.27572055
0.958	0.1122018454	96.27572055
0.958	0.1258925412	70.51314872
0.958	0.1412537545	60.2051082
0.958	0.1584893192	60.2051082
0.958	0.177827941	51.49485
0.958	0.1995262315	43.25288782
0.958	0.2238721139	43.25288782
0.958	0.2511886432	29.3556329
0.958	0.2818382931	27.29529199
0.958	0.316227766	27.29529199
0.958	0.3548133892	19.05319115
0.958	0.3981071706	15.96184407
0.958	0.4466835922	13.90061322
0.958	0.5011872336	13.90061322
0.958	0.5623413252	11.83895392
0.958	0.6309573445	11.83895392
0.958	0.7079457844	9.529171516
0.958	0.7943282347	6.131703847
0.958	0.85	5.20435721
0.958	0.95	5.20435721
0.958	1.05	4.895212485
0.958	1.2	4.895212485
0.958	1.4	3.967643025
0.958	1.6	2.475007702
0.958	1.9	1.649938157
0.958	2.2	1.649938157
0.958	2.4	1.649938157
0.958	2.7	1.649938157
0.958	3	1.649938157
0.958	3.141592654	1.649938157
1	1e-05	376.9499712
1	5e-05	376.9499712
1	0.0001	376.9499712
1	0.0003	376.9499712
1	0.0006	376.9499712
1	0.001	376.9499712
1	0.002	376.9499712
1	0.004	376.9499712
1	0.006	376.9499712
1	0.008	376.9499712
1	0.01	376.9499712
1	0.01122018454	376.9499712
1	0.01258925412	376.9499712
1	0.01412537545	366.648983
1	0.01584893192	366.648983
1	0.0177827941	366.648983
1	0.01995262315	366.648983
1	0.02238721139	366.648983
1	0.02511886432	366.648983
1	0.02818382931	294.5401299
1	0.0316227766	263.6348532
1	0.03548133892	263.6348532
1	0.03981071706	183.8421174
1	0.04466835922	158.0891802
1	0.05011872336	142.6369089
1	0.05623413252	132.3351
1	0.06309573445	132.3351
1	0.07079457844	132.3351
1	0.07943282347	106.5790479
1	0.08912509381	101.4274687
1	0.1	85.97159576
1	0.1122018454	80.81913903
1	0.1258925412	75.66634779
1	0.1412537545	51.49485
1	0.1584893192	49.43442079
1	0.177827941	49.43442079
1	0.1995262315	49.43442079
1	0.2238721139	31.4159291
1	0.2511886432	31.4159291
1	0.2818382931	23.17442834
1	0.316227766	23.17442834
1	0.3548133892	23.17442834
1	0.3981071706	18.02279346
1	0.4466835922	13.90061322
1	0.5011872336	11.83895392
1	0.5623413252	10.80788698
1	0.6309573445	10.80788698
1	0.7079457844	7.983498373
1	0.7943282347	7.983498373
1	0.85	5.51348571
1	0.95	4.586048252
1	1.05	4.276860282
1	1.2	4.276860282
1	1.4	3.967643025
1	1.6	3.3490882
1	1.9	1.856294622
1	2.2	1.856294622
1	2.4	1.856294622
1	2.7	1.856294622
1	3	1.856294622
1	3.141592654	1.856294622
1.022	1e-05	376.9499712
1.022	5e-05	376.9499712
1.022	0.0001	376.9499712
1.022	0.0003	376.9499712
1.022	0.0006	376.9499712
1.022	0.001	376.9499712
1.022	0.002	376.9499712
1.022	0.004	376.9499712
1.022	0.006	376.9499712
1.022	0.008	376.9499712
1.022	0.01	376.9499712
1.022	0.01122018454	376.9499712
1.022	0.01258925412	376.9499712
1.022	0.01412537545	376.9499712
1.022	0.01584893192	376.9499712
1.022	0.0177827941	346.04683
1.022	0.01995262315	325.4444044
1.022	0.02238721139	315.1430727
1.022	0.02511886432	315.1430727
1.022	0.02818382931	243.0305899
1.022	0.0316227766	243.0305899
1.022	0.03548133892	243.0305899
1.022	0.03981071706	243.0305899
1.022	0.04466835922	204.4439344
1.022	0.05011872336	173.5410471
1.022	0.05623413252	173.5410471
1.022	0.06309573445	173.5410471
1.022	0.07079457844	152.9384741
1.022	0.07943282347	111.7304815
1.022	0.08912509381	111.7304815
1.022	0.1	85.97159576
1.022	0.1122018454	65.35944536
1.022	0.1258925412	65.35944536
1.022	0.1412537545	65.35944536
1.022	0.1584893192	45.31344527
1.022	0.177827941	41.1922746
1.022	0.1995262315	39.13159681
1.022	0.2238721139	37.07084367
1.022	0.2511886432	34.50630708
1.022	0.2818382931	34.50630708
1.022	0.316227766	34.50630708
1.022	0.3548133892	20.08354804
1.022	0.3981071706	15.96184407
1.022	0.4466835922	15.96184407
1.022	0.5011872336	15.96184407
1.022	0.5623413252	10.80788698
1.022	0.6309573445	10.80788698
1.022	0.7079457844	6.749882034
1.022	0.7943282347	6.131703847
1.022	0.85	6.131703847
1.022	0.95	4.895212485
1.022	1.05	4.895212485
1.022	1.2	3.967643025
1.022	1.4	3.3490882
1.022	1.6	3.3490882
1.022	1.9	1.704399161
1.022	2.2	1.704399161
1.022	2.4	1.704399161
1.022	2.7	1.704399161
1.022	3	1.704399161
1.022	3.141592654	1.704399161
1.06	1e-05	376.9499712
1.06	5e-05	376.9499712
1.06	0.0001	376.9499712
1.06	0.0003	376.9499712
1.06	0.0006	376.9499712
1.06	0.001	376.9499712
1.06	0.002	376.9499712
1.06	0.004	376.9499712
1.06	0.006	376.9499712
1.06	0.008	376.9499712
1.06	0.01	376.9499712
1.06	0.01122018454	376.9499712
1.06	0.01258925412	376.9499712
1.06	0.01412537545	366.648983
1.06	0.01584893192	366.648983
1.06	0.0177827941	366.648983
1.06	0.01995262315	366.648983
1.06	0.02238721139	315.1430727
1.06	0.02511886432	315.1430727
1.06	0.02818382931	315.1430727
1.06	0.0316227766	294.5401299
1.06	0.03548133892	294.5401299
1.06	0.03981071706	173.5410471
1.06	0.04466835922	168.3904629
1.06	0.05011872336	158.0891802
1.06	0.05623413252	158.0891802
1.06	0.06309573445	137.4860383
1.06	0.07079457844	137.4860383
1.06	0.07943282347	137.4860383
1.06	0.08912509381	137.4860383
1.06	0.1	111.7304815
1.06	0.1122018454	65.35944536
1.06	0.1258925412	65.35944536
1.06	0.1412537545	55.0499592
1.06	0.1584893192	49.43442079
1.06	0.177827941	49.43442079
1.06	0.1995262315	41.1922746
1.06	0.2238721139	41.1922746
1.06	0.2511886432	41.1922746
1.06	0.2818382931	29.3556329
1.06	0.316227766	22.14416221
1.06	0.3548133892	22.14416221
1.06	0.3981071706	15.96184407
1.06	0.4466835922	11.83895392
1.06	0.5011872336	10.04434987
1.06	0.5623413252	10.04434987
1.06	0.6309573445	7.058959426
1.06	0.7079457844	6.749882034
1.06	0.7943282347	6.440797216
1.06	0.85	6.440797216
1.06	0.95	5.51348571
1.06	1.05	4.276860282
1.06	1.2	4.276860282
1.06	1.4	4.276860282
1.06	1.6	4.276860282
1.06	1.9	1.856294622
1.06	2.2	1.856294622
1.06	2.4	1.856294622
1.06	2.7	1.856294622
1.06	3	1.856294622
1.06	3.141592654	1.856294622
1.1	1e-05	376.9499712
1.1	5e-05	376.9499712
1.1	0.0001	376.9499712
1.1	0.0003	376.9499712
1.1	0.0006	376.9499712
1.1	0.001	376.9499712
1.1	0.002	376.9499712
1.1	0.004	376.9499712
1.1	0.006	376.9499712
1.1	0.008	376.9499712
1.1	0.01	376.9499712
1.1	0.01122018454	376.9499712
1.1	0.01258925412	376.9499712
1.1	0.01412537545	376.9499712
1.1	0.01584893192	376.9499712
1.1	0.0177827941	376.9499712
1.1	0.01995262315	376.9499712
1.1	0.02238721139	376.9499712
1.1	0.02511886432	376.9499712
1.1	0.02818382931	315.1430727
1.1	0.0316227766	315.1430727
1.1	0.03548133892	315.1430727
1.1	0.03981071706	222.4255369
1.1	0.04466835922	222.4255369
1.1	0.05011872336	222.4255369
1.1	0.05623413252	132.3351
1.1	0.06309573445	132.3351
1.1	0.07079457844	132.3351
1.1	0.07943282347	132.3351
1.1	0.08912509381	96.27572055
1.1	0.1	96.27572055
1.1	0.1122018454	70.51314872
1.1	0.1258925412	65.35944536
1.1	0.1412537545	60.2051082
1.1	0.1584893192	51.49485
1.1	0.177827941	45.31344527
1.1	0.1995262315	45.31344527
1.1	0.2238721139	28.32546865
1.1	0.2511886432	26.26510149
1.1	0.2818382931	25.23489542
1.1	0.316227766	21.11387011
1.1	0.3548133892	21.11387011
1.1	0.3981071706	16.99234754
1.1	0.4466835922	14.93127111
1.1	0.5011872336	13.90061322
1.1	0.5623413252	13.90061322
1.1	0.6309573445	11.83895392
1.1	0.7079457844	7.468212087
1.1	0.7943282347	7.058959426
1.1	0.85	6.440797216
1.1	0.95	6.440797216
1.1	1.05	5.20435721
1.1	1.2	5.20435721
1.1	1.4	3.658389054
1.1	1.6	3.3490882
1.1	1.9	1.897488173
1.1	2.2	1.897488173
1.1	2.4	1.897488173
1.1	2.7	1.897488173
1.1	3	1.897488173
1.1	3.141592654	1.897488173
1.2	1e-05	376.9499712
1.2	5e-05	376.9499712
1.2	0.0001	376.9499712
1.2	0.0003	376.9499712
1.2	0.0006	376.9499712
1.2	0.001	376.9499712
1.2	0.002	376.9499712
1.2	0.004	376.9499712
1.2	0.006	376.9499712
1.2	0.008	376.9499712
1.2	0.01	376.9499712
1.2	0.01122018454	376.9499712
1.2	0.01258925412	366.648983
1.2	0.01412537545	366.648983
1.2	0.01584893192	356.3479376
1.2	0.0177827941	356.3479376
1.2	0.01995262315	356.3479376
1.2	0.02238721139	325.4444044
1.2	0.02511886432	315.1430727
1.2	0.02818382931	304.841651
1.2	0.0316227766	273.9367444
1.2	0.03548133892	232.7281753
1.2	0.03981071706	188.9926088
1.2	0.04466835922	173.5410471
1.2	0.05011872336	173.5410471
1.2	0.05623413252	152.9384741
1.2	0.06309573445	152.9384741
1.2	0.07079457844	106.5790479
1.2	0.07943282347	101.4274687
1.2	0.08912509381	96.27572055
1.2	0.1	91.12377474
1.2	0.1122018454	91.12377474
1.2	0.1258925412	80.81913903
1.2	0.1412537545	65.35944536
1.2	0.1584893192	65.35944536
1.2	0.177827941	60.2051082
1.2	0.1995262315	34.50630708
1.2	0.2238721139	33.47618884
1.2	0.2511886432	29.3556329
1.2	0.2818382931	26.26510149
1.2	0.316227766	23.17442834
1.2	0.3548133892	23.17442834
1.2	0.3981071706	15.96184407
1.2	0.4466835922	15.96184407
1.2	0.5011872336	15.96184407
1.2	0.5623413252	12.86985
1.2	0.6309573445	12.86985
1.2	0.7079457844	7.983498373
1.2	0.7943282347	7.468212087
1.2	0.85	7.468212087
1.2	0.95	6.749882034
1.2	1.05	4.586048252
1.2	1.2	4.586048252
1.2	1.4	4.586048252
1.2	1.6	3.3490882
1.2	1.9	2.145038189
1.2	2.2	2.145038189
1.2	2.4	2.145038189
1.2	2.7	2.145038189
1.2	3	2.145038189
1.2	3.141592654	2.145038189
1.25	1e-05	376.9499712
1.25	5e-05	376.9499712
1.25	0.0001	376.9499712
1.25	0.0003	376.9499712
1.25	0.0006	376.9499712
1.25	0.001	376.9499712
1.25	0.002	376.9499712
1.25	0.004	376.9499712
1.25	0.006	376.9499712
1.25	0.008	376.9499712
1.25	0.01	376.9499712
1.25	0.01122018454	376.9499712
1.25	0.01258925412	371.7994771
1.25	0.01412537545	371.7994771
1.25	0.01584893192	366.6489544
1.25	0.0177827941	366.6489544
1.25	0.01995262315	366.6489544
1.25	0.02238721139	351.1971878
1.25	0.02511886432	346.0465219
1.25	0.02818382931	309.9923619
1.25	0.0316227766	284.2384371
1.25	0.03548133892	243.0304918
1.25	0.03981071706	216.0115993
1.25	0.04466835922	197.983292
1.25	0.05011872336	197.983292
1.25	0.05623413252	163.2397606
1.25	0.06309573445	155.5138271
1.25	0.07079457844	127.1833833
1.25	0.07943282347	124.6075938
1.25	0.08912509381	114.3054103
1.25	0.1	98.85141132
1.25	0.1122018454	98.85141132
1.25	0.1258925412	88.54742979
1.25	0.1412537545	62.78227678
1.25	0.1584893192	60.20470228
1.25	0.177827941	55.8499791
1.25	0.1995262315	41.97036393
1.25	0.2238721139	41.45530481
1.25	0.2511886432	31.41591087
1.25	0.2818382931	27.81036719
1.25	0.316227766	26.26503062
1.25	0.3548133892	25.23486017
1.25	0.3981071706	17.50751761
1.25	0.4466835922	15.96184407
1.25	0.5011872336	14.93122865
1.25	0.5623413252	13.38523161
1.25	0.6309573445	12.86985
1.25	0.7079457844	9.013924122
1.25	0.7943282347	7.983481021
1.25	0.85	7.983481021
1.25	0.95	6.90442073
1.25	1.05	5.049766981
1.25	1.2	4.586048252
1.25	1.4	4.431454267
1.25	1.6	3.812974241
1.25	1.9	2.268813197
1.25	2.2	2.268813197
1.25	2.4	2.268813197
1.25	2.7	2.268813197
1.25	3	2.268813197
1.25	3.141592654	2.268813197
1.3	1e-05	376.9499712
1.3	5e-05	376.9499712
1.3	0.0001	376.9499712
1.3	0.0003	376.9499712
1.3	0.0006	376.9499712
1.3	0.001	376.9499712
1.3	0.002	376.9499712
1.3	0.004	376.9499712
1.3	0.006	376.9499712
1.3	0.008	376.9499712
1.3	0.01	376.9499712
1.3	0.01122018454	376.9499712
1.3	0.01258925412	376.9499712
1.3	0.01412537545	376.9499712
1.3	0.01584893192	376.9499712
1.3	0.0177827941	376.9499712
1.3	0.01995262315	376.9499712
1.3	0.02238721139	376.9499712
1.3	0.02511886432	376.9499712
1.3	0.02818382931	315.1430727
1.3	0.0316227766	294.5401299
1.3	0.03548133892	253.3328083
1.3	0.03981071706	243.0305899
1.3	0.04466835922	222.4255369
1.3	0.05011872336	222.4255369
1.3	0.05623413252	173.5410471
1.3	0.06309573445	158.0891802
1.3	0.07079457844	147.7877188
1.3	0.07943282347	147.7877188
1.3	0.08912509381	132.3351
1.3	0.1	106.5790479
1.3	0.1122018454	106.5790479
1.3	0.1258925412	96.27572055
1.3	0.1412537545	60.2051082
1.3	0.1584893192	55.0499592
1.3	0.177827941	51.49485
1.3	0.1995262315	49.43442079
1.3	0.2238721139	49.43442079
1.3	0.2511886432	33.47618884
1.3	0.2818382931	29.3556329
1.3	0.316227766	29.3556329
1.3	0.3548133892	27.29529199
1.3	0.3981071706	19.05319115
1.3	0.4466835922	15.96184407
1.3	0.5011872336	13.90061322
1.3	0.5623413252	13.90061322
1.3	0.6309573445	12.86985
1.3	0.7079457844	10.04434987
1.3	0.7943282347	8.498749954
1.3	0.85	8.498749954
1.3	0.95	7.058959426
1.3	1.05	5.51348571
1.3	1.2	4.586048252
1.3	1.4	4.276860282
1.3	1.6	4.276860282
1.3	1.9	3.103210001
1.3	2.2	3.103210001
1.3	2.4	3.103210001
1.3	2.7	3.103210001
1.3	3	3.103210001
1.3	3.141592654	3.103210001
1.4	1e-05	376.9499712
1.4	5e-05	376.9499712
1.4	0.0001	376.9499712
1.4	0.0003	376.9499712
1.4	0.0006	376.9499712
1.4	0.001	376.9499712
1.4	0.002	376.9499712
1.4	0.004	376.9499712
1.4	0.006	376.9499712
1.4	0.008	376.9499712
1.4	0.01	376.9499712
1.4	0.01122018454	376.9499712
1.4	0.01258925412	376.9499712
1.4	0.01412537545	376.9499712
1.4	0.01584893192	376.9499712
1.4	0.0177827941	376.9499712
1.4	0.01995262315	376.9499712
1.4	0.02238721139	376.9499712
1.4	0.02511886432	346.04683
1.4	0.02818382931	335.7456544
1.4	0.0316227766	335.7456544
1.4	0.03548133892	335.7456544
1.4	0.03981071706	273.9367444
1.4	0.04466835922	243.0305899
1.4	0.05011872336	222.4255369
1.4	0.05623413252	199.2935154
1.4	0.06309573445	188.9926088
1.4	0.07079457844	158.0891802
1.4	0.07943282347	111.7304815
1.4	0.08912509381	111.7304815
1.4	0.1	106.5790479
1.4	0.1122018454	106.5790479
1.4	0.1258925412	106.5790479
1.4	0.1412537545	65.35944536
1.4	0.1584893192	65.35944536
1.4	0.177827941	49.43442079
1.4	0.1995262315	45.31344527
1.4	0.2238721139	41.1922746
1.4	0.2511886432	41.1922746
1.4	0.2818382931	30.38578602
1.4	0.316227766	25.23489542
1.4	0.3548133892	24.20467182
1.4	0.3981071706	23.17442834
1.4	0.4466835922	16.99234754
1.4	0.5011872336	16.99234754
1.4	0.5623413252	10.04434987
1.4	0.6309573445	9.01397278
1.4	0.7079457844	8.498749954
1.4	0.7943282347	8.498749954
1.4	0.85	8.498749954
1.4	0.95	7.058959426
1.4	1.05	7.058959426
1.4	1.2	6.131703847
1.4	1.4	4.772003608
1.4	1.6	4.772003608
1.4	1.9	4.772003608
1.4	2.2	4.772003608
1.4	2.4	4.772003608
1.4	2.7	4.772003608
1.4	3	4.772003608
1.4	3.141592654	4.772003608
1.5	1e-05	400
1.5	5e-05	400
1.5	0.0001	400
1.5	0.0003	400
1.5	0.0006	400
1.5	0.001	400
1.5	0.002	400
1.5	0.004	400
1.5	0.006	400
1.5	0.008	400
1.5	0.01	387.2509069
1.5	0.01122018454	376.9499712
1.5	0.01258925412	376.9499712
1.5	0.01412537545	376.9499712
1.5	0.01584893192	376.9499712
1.5	0.0177827941	376.9499712
1.5	0.01995262315	366.648983
1.5	0.02238721139	366.648983
1.5	0.02511886432	366.648983
1.5	0.02818382931	366.648983
1.5	0.0316227766	284.2384985
1.5	0.03548133892	273.9367444
1.5	0.03981071706	273.9367444
1.5	0.04466835922	212.1226423
1.5	0.05011872336	204.4439344
1.5	0.05623413252	178.6915977
1.5	0.06309573445	152.9384741
1.5	0.07079457844	147.7877188
1.5	0.07943282347	137.4860383
1.5	0.08912509381	137.4860383
1.5	0.1	101.4274687
1.5	0.1122018454	85.97159576
1.5	0.1258925412	85.97159576
1.5	0.1412537545	70.51314872
1.5	0.1584893192	70.51314872
1.5	0.177827941	60.2051082
1.5	0.1995262315	49.43442079
1.5	0.2238721139	45.31344527
1.5	0.2511886432	35.53641846
1.5	0.2818382931	35.53641846
1.5	0.316227766	28.32546865
1.5	0.3548133892	25.23489542
1.5	0.3981071706	20.08354804
1.5	0.4466835922	15.96184407
1.5	0.5011872336	15.96184407
1.5	0.5623413252	11.83895392
1.5	0.6309573445	11.83895392
1.5	0.7079457844	9.529171516
1.5	0.7943282347	9.529171516
1.5	0.85	9.529171516
1.5	0.95	9.529171516
1.5	1.05	6.440797216
1.5	1.2	6.440797216
1.5	1.4	6.440797216
1.5	1.6	6.440797216
1.5	1.9	6.440797216
1.5	2.2	6.440797216
1.5	2.4	6.440797216
1.5	2.7	6.440797216
1.5	3	6.440797216
1.5	3.141592654	6.440797216
1.6	1e-05	400
1.6	5e-05	400
1.6	0.0001	400
1.6	0.0003	400
1.6	0.0006	400
1.6	0.001	400
1.6	0.002	400
1.6	0.004	400
1.6	0.006	400
1.6	0.008	400
1.6	0.01	389.3110843
1.6	0.01122018454	376.9499712
1.6	0.01258925412	376.9499712
1.6	0.01412537545	376.9499712
1.6	0.01584893192	376.9499712
1.6	0.0177827941	376.9499712
1.6	0.01995262315	376.9499712
1.6	0.02238721139	376.9499712
1.6	0.02511886432	376.9499712
1.6	0.02818382931	356.3479376
1.6	0.0316227766	335.7456544
1.6	0.03548133892	335.7456544
1.6	0.03981071706	294.5401299
1.6	0.04466835922	212.1226423
1.6	0.05011872336	204.4439344
1.6	0.05623413252	204.4439344
1.6	0.06309573445	152.9384741
1.6	0.07079457844	152.9384741
1.6	0.07943282347	137.4860383
1.6	0.08912509381	137.4860383
1.6	0.1	111.7304815
1.6	0.1122018454	111.7304815
1.6	0.1258925412	85.97159576
1.6	0.1412537545	75.66634779
1.6	0.1584893192	65.35944536
1.6	0.177827941	60.2051082
1.6	0.1995262315	55.0499592
1.6	0.2238721139	41.1922746
1.6	0.2511886432	39.13159681
1.6	0.2818382931	33.47618884
1.6	0.316227766	26.26510149
1.6	0.3548133892	23.17442834
1.6	0.3981071706	23.17442834
1.6	0.4466835922	19.05319115
1.6	0.5011872336	19.05319115
1.6	0.5623413252	14.93127111
1.6	0.6309573445	14.93127111
1.6	0.7079457844	10.80788698
1.6	0.7943282347	8.498749954
1.6	0.85	8.498749954
1.6	0.95	8.498749954
1.6	1.05	8.498749954
1.6	1.2	6.193518557
1.6	1.4	6.193518557
1.6	1.6	6.193518557
1.6	1.9	6.193518557
1.6	2.2	6.193518557
1.6	2.4	6.193518557
1.6	2.7	6.193518557
1.6	3	6.193518557
1.6	3.141592654	6.193518557
1.75	1e-05	400
1.75	5e-05	400
1.75	0.0001	400
1.75	0.0003	400
1.75	0.0006	400
1.75	0.001	400
1.75	0.002	400
1.75	0.004	400
1.75	0.006	400
1.75	0.008	400
1.75	0.01	392.4013505
1.75	0.01122018454	382.1003885
1.75	0.01258925412	376.9499712
1.75	0.01412537545	376.9499712
1.75	0.01584893192	376.9499712
1.75	0.0177827941	376.9499712
1.75	0.01995262315	376.9499712
1.75	0.02238721139	376.9499712
1.75	0.02511886432	361.498446
1.75	0.02818382931	356.3479376
1.75	0.0316227766	320.2937181
1.75	0.03548133892	320.2937181
1.75	0.03981071706	271.3611724
1.75	0.04466835922	235.303603
1.75	0.05011872336	204.4439344
1.75	0.05623413252	200.5811202
1.75	0.06309573445	187.7047551
1.75	0.07079457844	160.6644999
1.75	0.07943282347	156.8013909
1.75	0.08912509381	141.3491912
1.75	0.1	123.3206846
1.75	0.1122018454	111.7304815
1.75	0.1258925412	85.97159576
1.75	0.1412537545	75.66634779
1.75	0.1584893192	73.08962218
1.75	0.177827941	56.33874645
1.75	0.1995262315	49.29295548
1.75	0.2238721139	39.64676626
1.75	0.2511886432	34.89004083
1.75	0.2818382931	33.47618884
1.75	0.316227766	27.81037686
1.75	0.3548133892	24.71977865
1.75	0.3981071706	23.17442834
1.75	0.4466835922	19.05319115
1.75	0.5011872336	19.05319115
1.75	0.5623413252	14.15827769
1.75	0.6309573445	13.38520528
1.75	0.7079457844	12.35435924
1.75	0.7943282347	9.657949891
1.75	0.85	7.725846554
1.75	0.95	7.725846554
1.75	1.05	6.723465374
1.75	1.2	5.822600568
1.75	1.4	5.822600568
1.75	1.6	5.822600568
1.75	1.9	5.822600568
1.75	2.2	5.822600568
1.75	2.4	5.822600568
1.75	2.7	5.822600568
1.75	3	5.822600568
1.75	3.141592654	5.822600568
1.8	1e-05	400
1.8	5e-05	400
1.8	0.0001	400
1.8	0.0003	400
1.8	0.0006	400
1.8	0.001	400
1.8	0.002	400
1.8	0.004	400
1.8	0.006	400
1.8	0.008	400
1.8	0.01	393.4314392
1.8	0.01122018454	385.1906697
1.8	0.01258925412	376.9499712
1.8	0.01412537545	376.9499712
1.8	0.01584893192	376.9499712
1.8	0.0177827941	376.9499712
1.8	0.01995262315	376.9499712
1.8	0.02238721139	376.9499712
1.8	0.02511886432	356.3479376
1.8	0.02818382931	356.3479376
1.8	0.0316227766	315.1430727
1.8	0.03548133892	315.1430727
1.8	0.03981071706	263.6348532
1.8	0.04466835922	243.0305899
1.8	0.05011872336	204.4439344
1.8	0.05623413252	199.2935154
1.8	0.06309573445	199.2935154
1.8	0.07079457844	163.2398418
1.8	0.07943282347	163.2398418
1.8	0.08912509381	142.6369089
1.8	0.1	127.1840856
1.8	0.1122018454	111.7304815
1.8	0.1258925412	85.97159576
1.8	0.1412537545	75.66634779
1.8	0.1584893192	75.66634779
1.8	0.177827941	55.0499592
1.8	0.1995262315	47.37395424
1.8	0.2238721139	39.13159681
1.8	0.2511886432	33.47618884
1.8	0.2818382931	33.47618884
1.8	0.316227766	28.32546865
1.8	0.3548133892	25.23489542
1.8	0.3981071706	23.17442834
1.8	0.4466835922	19.05319115
1.8	0.5011872336	19.05319115
1.8	0.5623413252	13.90061322
1.8	0.6309573445	12.86985
1.8	0.7079457844	12.86985
1.8	0.7943282347	10.04434987
1.8	0.85	7.468212087
1.8	0.95	7.468212087
1.8	1.05	6.131703847
1.8	1.2	5.946239898
1.8	1.4	5.946239898
1.8	1.6	5.946239898
1.8	1.9	5.946239898
1.8	2.2	5.946239898
1.8	2.4	5.946239898
1.8	2.7	5.946239898
1.8	3	5.946239898
1.8	3.141592654	5.946239898
2	1e-05	400
2	5e-05	400
2	0.0001	400
2	0.0003	400
2	0.0006	400
2	0.001	400
2	0.002	400
2	0.004	400
2	0.006	400
2	0.008	400
2	0.01	397.5517941
2	0.01122018454	397.5517941
2	0.01258925412	387.2509069
2	0.01412537545	376.9499712
2	0.01584893192	366.648983
2	0.0177827941	366.648983
2	0.01995262315	366.648983
2	0.02238721139	356.3479376
2	0.02511886432	356.3479376
2	0.02818382931	335.7456544
2	0.0316227766	335.7456544
2	0.03548133892	335.7456544
2	0.03981071706	335.7456544
2	0.04466835922	194.1430741
2	0.05011872336	173.5410471
2	0.05623413252	163.2398418
2	0.06309573445	147.7877188
2	0.07079457844	147.7877188
2	0.07943282347	147.7877188
2	0.08912509381	106.5790479
2	0.1	106.5790479
2	0.1122018454	91.12377474
2	0.1258925412	75.66634779
2	0.1412537545	75.66634779
2	0.1584893192	55.0499592
2	0.177827941	49.43442079
2	0.1995262315	49.43442079
2	0.2238721139	49.43442079
2	0.2511886432	31.4159291
2	0.2818382931	31.4159291
2	0.316227766	31.4159291
2	0.3548133892	20.08354804
2	0.3981071706	19.05319115
2	0.4466835922	16.99234754
2	0.5011872336	12.86985
2	0.5623413252	12.86985
2	0.6309573445	10.04434987
2	0.7079457844	10.04434987
2	0.7943282347	10.04434987
2	0.85	10.04434987
2	0.95	10.04434987
2	1.05	6.749882034
2	1.2	6.749882034
2	1.4	6.749882034
2	1.6	6.749882034
2	1.9	6.749882034
2	2.2	6.749882034
2	2.4	6.749882034
2	2.7	6.749882034
2	3	6.749882034
2	3.141592654	6.749882034
2.2	1e-05	400
2.2	5e-05	400
2.2	0.0001	400
2.2	0.0003	400
2.2	0.0006	400
2.2	0.001	400
2.2	0.002	400
2.2	0.004	400
2.2	0.006	400
2.2	0.008	400
2.2	0.01	397.5517941
2.2	0.01122018454	397.5517941
2.2	0.01258925412	376.9499712
2.2	0.01412537545	376.9499712
2.2	0.01584893192	376.9499712
2.2	0.0177827941	376.9499712
2.2	0.01995262315	376.9499712
2.2	0.02238721139	356.3479376
2.2	0.02511886432	335.7456544
2.2	0.02818382931	335.7456544
2.2	0.0316227766	335.7456544
2.2	0.03548133892	335.7456544
2.2	0.03981071706	273.9367444
2.2	0.04466835922	273.9367444
2.2	0.05011872336	199.2935154
2.2	0.05623413252	178.6915977
2.2	0.06309573445	163.2398418
2.2	0.07079457844	137.4860383
2.2	0.07943282347	132.3351
2.2	0.08912509381	122.0329857
2.2	0.1	101.4274687
2.2	0.1122018454	96.27572055
2.2	0.1258925412	80.81913903
2.2	0.1412537545	80.81913903
2.2	0.1584893192	65.35944536
2.2	0.177827941	49.43442079
2.2	0.1995262315	47.37395424
2.2	0.2238721139	47.37395424
2.2	0.2511886432	34.50630708
2.2	0.2818382931	34.50630708
2.2	0.316227766	26.26510149
2.2	0.3548133892	23.17442834
2.2	0.3981071706	19.05319115
2.2	0.4466835922	19.05319115
2.2	0.5011872336	19.05319115
2.2	0.5623413252	12.86985
2.2	0.6309573445	12.86985
2.2	0.7079457844	9.529171516
2.2	0.7943282347	7.470067442
2.2	0.85	7.470067442
2.2	0.95	7.470067442
2.2	1.05	7.470067442
2.2	1.2	7.470067442
2.2	1.4	7.470067442
2.2	1.6	7.470067442
2.2	1.9	7.470067442
2.2	2.2	7.470067442
2.2	2.4	7.470067442
2.2	2.7	7.470067442
2.2	3	7.470067442
2.2	3.141592654	7.470067442
2.5	1e-05	400
2.5	5e-05	400
2.5	0.0001	400
2.5	0.0003	400
2.5	0.0006	400
2.5	0.001	400
2.5	0.002	400
2.5	0.004	400
2.5	0.006	400
2.5	0.008	400
2.5	0.01	397.5517941
2.5	0.01122018454	397.5517941
2.5	0.01258925412	376.9499712
2.5	0.01412537545	376.9499712
2.5	0.01584893192	376.9499712
2.5	0.0177827941	366.648983
2.5	0.01995262315	366.648983
2.5	0.02238721139	366.648983
2.5	0.02511886432	356.3479376
2.5	0.02818382931	356.3479376
2.5	0.0316227766	335.7456544
2.5	0.03548133892	315.1430727
2.5	0.03981071706	243.0305899
2.5	0.04466835922	243.0305899
2.5	0.05011872336	222.4255369
2.5	0.05623413252	222.4255369
2.5	0.06309573445	168.3904629
2.5	0.07079457844	152.9384741
2.5	0.07943282347	137.4860383
2.5	0.08912509381	116.8817888
2.5	0.1	101.4274687
2.5	0.1122018454	101.4274687
2.5	0.1258925412	101.4274687
2.5	0.1412537545	65.35944536
2.5	0.1584893192	65.35944536
2.5	0.177827941	55.0499592
2.5	0.1995262315	51.49485
2.5	0.2238721139	45.31344527
2.5	0.2511886432	45.31344527
2.5	0.2818382931	29.3556329
2.5	0.316227766	29.3556329
2.5	0.3548133892	23.17442834
2.5	0.3981071706	23.17442834
2.5	0.4466835922	20.08354804
2.5	0.5011872336	16.99234754
2.5	0.5623413252	13.90061322
2.5	0.6309573445	12.86985
2.5	0.7079457844	10.80788698
2.5	0.7943282347	9.01397278
2.5	0.85	9.01397278
2.5	0.95	9.01397278
2.5	1.05	9.01397278
2.5	1.2	9.01397278
2.5	1.4	9.01397278
2.5	1.6	9.01397278
2.5	1.9	9.01397278
2.5	2.2	9.01397278
2.5	2.4	9.01397278
2.5	2.7	9.01397278
2.5	3	9.01397278
2.5	3.141592654	9.01397278
3	1e-05	400
3	5e-05	400
3	0.0001	400
3	0.0003	400
3	0.0006	400
3	0.001	400
3	0.002	400
3	0.004	400
3	0.006	400
3	0.008	400
3	0.01	400
3	0.01122018454	400
3	0.01258925412	387.2509069
3	0.01412537545	376.9499712
3	0.01584893192	376.9499712
3	0.0177827941	366.648983
3	0.01995262315	366.648983
3	0.02238721139	366.648983
3	0.02511886432	366.648983
3	0.02818382931	366.648983
3	0.0316227766	366.648983
3	0.03548133892	304.841651
3	0.03981071706	263.6348532
3	0.04466835922	253.3328083
3	0.05011872336	194.1430741
3	0.05623413252	178.6915977
3	0.06309573445	178.6915977
3	0.07079457844	178.6915977
3	0.07943282347	178.6915977
3	0.08912509381	132.3351
3	0.1	122.0329857
3	0.1122018454	122.0329857
3	0.1258925412	75.66634779
3	0.1412537545	70.51314872
3	0.1584893192	70.51314872
3	0.177827941	49.43442079
3	0.1995262315	45.31344527
3	0.2238721139	43.25288782
3	0.2511886432	37.07084367
3	0.2818382931	37.07084367
3	0.316227766	26.26510149
3	0.3548133892	25.23489542
3	0.3981071706	24.20467182
3	0.4466835922	18.02279346
3	0.5011872336	18.02279346
3	0.5623413252	18.02279346
3	0.6309573445	18.02279346
3	0.7079457844	18.02279346
3	0.7943282347	18.02279346
3	0.85	18.02279346
3	0.95	18.02279346
3	1.05	18.02279346
3	1.2	18.02279346
3	1.4	18.02279346
3	1.6	18.02279346
3	1.9	18.02279346
3	2.2	18.02279346
3	2.4	18.02279346
3	2.7	18.02279346
3	3	18.02279346
3	3.141592654	18.02279346
3.5	1e-05	397.5517941
3.5	5e-05	397.5517941
3.5	0.0001	397.5517941
3.5	0.0003	397.5517941
3.5	0.0006	397.5517941
3.5	0.001	397.5517941
3.5	0.002	397.5517941
3.5	0.004	397.5517941
3.5	0.006	397.5517941
3.5	0.008	397.5517941
3.5	0.01	397.5517941
3.5	0.01122018454	397.5517941
3.5	0.01258925412	397.5517941
3.5	0.01412537545	397.5517941
3.5	0.01584893192	387.2509069
3.5	0.0177827941	387.2509069
3.5	0.01995262315	376.9499712
3.5	0.02238721139	376.9499712
3.5	0.02511886432	356.3479376
3.5	0.02818382931	356.3479376
3.5	0.0316227766	356.3479376
3.5	0.03548133892	284.2384985
3.5	0.03981071706	273.9367444
3.5	0.04466835922	273.9367444
3.5	0.05011872336	253.3328083
3.5	0.05623413252	194.1430741
3.5	0.06309573445	194.1430741
3.5	0.07079457844	178.6915977
3.5	0.07943282347	137.4860383
3.5	0.08912509381	122.0329857
3.5	0.1	122.0329857
3.5	0.1122018454	91.12377474
3.5	0.1258925412	85.97159576
3.5	0.1412537545	80.81913903
3.5	0.1584893192	60.2051082
3.5	0.177827941	55.0499592
3.5	0.1995262315	49.43442079
3.5	0.2238721139	43.25288782
3.5	0.2511886432	43.25288782
3.5	0.2818382931	31.4159291
3.5	0.316227766	31.4159291
3.5	0.3548133892	31.4159291
3.5	0.3981071706	24.20467182
3.5	0.4466835922	20.08354804
3.5	0.5011872336	18.02279346
3.5	0.5623413252	13.90061322
3.5	0.6309573445	12.86985
3.5	0.7079457844	12.86985
3.5	0.7943282347	12.86985
3.5	0.85	12.86985
3.5	0.95	12.86985
3.5	1.05	12.86985
3.5	1.2	12.86985
3.5	1.4	12.86985
3.5	1.6	12.86985
3.5	1.9	12.86985
3.5	2.2	12.86985
3.5	2.4	12.86985
3.5	2.7	12.86985
3.5	3	12.86985
3.5	3.141592654	12.86985
4	1e-05	400
4	5e-05	400
4	0.0001	400
4	0.0003	400
4	0.0006	400
4	0.001	400
4	0.002	400
4	0.004	400
4	0.006	400
4	0.008	397.5517941
4	0.01	397.5517941
4	0.01122018454	397.5517941
4	0.01258925412	387.2509069
4	0.01412537545	376.9499712
4	0.01584893192	376.9499712
4	0.0177827941	376.9499712
4	0.01995262315	376.9499712
4	0.02238721139	366.648983
4	0.02511886432	366.648983
4	0.02818382931	356.3479376
4	0.0316227766	356.3479376
4	0.03548133892	356.3479376
4	0.03981071706	325.4444044
4	0.04466835922	263.6348532
4	0.05011872336	253.3328083
4	0.05623413252	243.0305899
4	0.06309573445	194.1430741
4	0.07079457844	178.6915977
4	0.07943282347	137.4860383
4	0.08912509381	137.4860383
4	0.1	116.8817888
4	0.1122018454	96.27572055
4	0.1258925412	96.27572055
4	0.1412537545	80.81913903
4	0.1584893192	75.66634779
4	0.177827941	70.51314872
4	0.1995262315	55.0499592
4	0.2238721139	45.31344527
4	0.2511886432	45.31344527
4	0.2818382931	33.47618884
4	0.316227766	30.38578602
4	0.3548133892	30.38578602
4	0.3981071706	24.20467182
4	0.4466835922	24.20467182
4	0.5011872336	24.20467182
4	0.5623413252	24.20467182
4	0.6309573445	24.20467182
4	0.7079457844	24.20467182
4	0.7943282347	24.20467182
4	0.85	24.20467182
4	0.95	24.20467182
4	1.05	24.20467182
4	1.2	24.20467182
4	1.4	24.20467182
4	1.6	24.20467182
4	1.9	24.20467182
4	2.2	24.20467182
4	2.4	24.20467182
4	2.7	24.20467182
4	3	24.20467182
4	3.141592654	24.20467182
4.5	1e-05	400
4.5	5e-05	400
4.5	0.0001	400
4.5	0.0003	400
4.5	0.0006	400
4.5	0.001	400
4.5	0.002	400
4.5	0.004	400
4.5	0.006	400
4.5	0.008	400
4.5	0.01	397.5517941
4.5	0.01122018454	397.5517941
4.5	0.01258925412	387.2509069
4.5	0.01412537545	376.9499712
4.5	0.01584893192	376.9499712
4.5	0.0177827941	376.9499712
4.5	0.01995262315	376.9499712
4.5	0.02238721139	376.9499712
4.5	0.02511886432	376.9499712
4.5	0.02818382931	376.9499712
4.5	0.0316227766	356.3479376
4.5	0.03548133892	356.3479376
4.5	0.03981071706	325.4444044
4.5	0.04466835922	243.0305899
4.5	0.05011872336	232.7281753
4.5	0.05623413252	222.4255369
4.5	0.06309573445	222.4255369
4.5	0.07079457844	188.9926088
4.5	0.07943282347	142.6369089
4.5	0.08912509381	137.4860383
4.5	0.1	137.4860383
4.5	0.1122018454	111.7304815
4.5	0.1258925412	85.97159576
4.5	0.1412537545	85.97159576
4.5	0.1584893192	75.66634779
4.5	0.177827941	70.51314872
4.5	0.1995262315	55.0499592
4.5	0.2238721139	47.37395424
4.5	0.2511886432	39.13159681
4.5	0.2818382931	34.50630708
4.5	0.316227766	34.50630708
4.5	0.3548133892	26.26510149
4.5	0.3981071706	25.23489542
4.5	0.4466835922	22.14416221
4.5	0.5011872336	22.14416221
4.5	0.5623413252	22.14416221
4.5	0.6309573445	22.14416221
4.5	0.7079457844	22.14416221
4.5	0.7943282347	22.14416221
4.5	0.85	22.14416221
4.5	0.95	22.14416221
4.5	1.05	22.14416221
4.5	1.2	22.14416221
4.5	1.4	22.14416221
4.5	1.6	22.14416221
4.5	1.9	22.14416221
4.5	2.2	22.14416221
4.5	2.4	22.14416221
4.5	2.7	22.14416221
4.5	3	22.14416221
4.5	3.141592654	22.14416221
5	1e-05	397.5517941
5	5e-05	397.5517941
5	0.0001	397.5517941
5	0.0003	397.5517941
5	0.0006	397.5517941
5	0.001	397.5517941
5	0.002	397.5517941
5	0.004	397.5517941
5	0.006	397.5517941
5	0.008	397.5517941
5	0.01	397.5517941
5	0.01122018454	397.5517941
5	0.01258925412	397.5517941
5	0.01412537545	397.5517941
5	0.01584893192	387.2509069
5	0.0177827941	376.9499712
5	0.01995262315	376.9499712
5	0.02238721139	376.9499712
5	0.02511886432	376.9499712
5	0.02818382931	366.648983
5	0.0316227766	366.648983
5	0.03548133892	366.648983
5	0.03981071706	304.841651
5	0.04466835922	304.841651
5	0.05011872336	253.3328083
5	0.05623413252	222.4255369
5	0.06309573445	199.2935154
5	0.07079457844	178.6915977
5	0.07943282347	163.2398418
5	0.08912509381	147.7877188
5	0.1	127.1840856
5	0.1122018454	106.5790479
5	0.1258925412	106.5790479
5	0.1412537545	96.27572055
5	0.1584893192	75.66634779
5	0.177827941	75.66634779
5	0.1995262315	60.2051082
5	0.2238721139	47.37395424
5	0.2511886432	47.37395424
5	0.2818382931	39.13159681
5	0.316227766	31.4159291
5	0.3548133892	30.38578602
5	0.3981071706	29.3556329
5	0.4466835922	29.3556329
5	0.5011872336	29.3556329
5	0.5623413252	29.3556329
5	0.6309573445	29.3556329
5	0.7079457844	29.3556329
5	0.7943282347	29.3556329
5	0.85	29.3556329
5	0.95	29.3556329
5	1.05	29.3556329
5	1.2	29.3556329
5	1.4	29.3556329
5	1.6	29.3556329
5	1.9	29.3556329
5	2.2	29.3556329
5	2.4	29.3556329
5	2.7	29.3556329
5	3	29.3556329
5	3.141592654	29.3556329
