0.01	1e-05	376.9499712
0.01	5e-05	376.9499712
0.01	0.0001	376.9499712
0.01	0.0003	376.9499712
0.01	0.0006	376.9499712
0.01	0.001	376.9499712
0.01	0.002	376.9499712
0.01	0.004	284.2384985
0.01	0.006	243.0305899
0.01	0.008	204.4439344
0.01	0.01	204.4439344
0.01	0.01122018454	188.9926088
0.01	0.01258925412	152.9384741
0.01	0.01412537545	142.6369089
0.01	0.01584893192	142.6369089
0.01	0.0177827941	116.8817888
0.01	0.01995262315	116.8817888
0.01	0.02238721139	96.27572055
0.01	0.02511886432	96.27572055
0.01	0.02818382931	91.12377474
0.01	0.0316227766	91.12377474
0.01	0.03548133892	75.66634779
0.01	0.03981071706	55.0499592
0.01	0.04466835922	55.0499592
0.01	0.05011872336	49.43442079
0.01	0.05623413252	47.37395424
0.01	0.06309573445	47.37395424
0.01	0.07079457844	34.50630708
0.01	0.07943282347	33.47618884
0.01	0.08912509381	33.47618884
0.01	0.1	33.47618884
0.01	0.1122018454	33.47618884
0.01	0.1258925412	26.26510149
0.01	0.1412537545	26.26510149
0.01	0.1584893192	19.05319115
0.01	0.177827941	15.96184407
0.01	0.1995262315	14.93127111
0.01	0.2238721139	14.93127111
0.01	0.2511886432	11.83895392
0.01	0.2818382931	9.01397278
0.01	0.316227766	9.01397278
0.01	0.3548133892	8.498749954
0.01	0.3981071706	6.131703847
0.01	0.4466835922	5.51348571
0.01	0.5011872336	4.895212485
0.01	0.5623413252	4.276860282
0.01	0.6309573445	3.967643025
0.01	0.7079457844	3.039726151
0.01	0.7943282347	3.039726151
0.01	0.85	2.730282105
0.01	0.95	2.475007702
0.01	1.05	2.268813197
0.01	1.2	2.062579822
0.01	1.4	2.062579822
0.01	1.6	2.062579822
0.01	1.9	2.062579822
0.01	2.2	1.443479866
0.01	2.4	1.236868757
0.01	2.7	1.236868757
0.01	3	1.236868757
0.01	3.141592654	1.030012875
0.02	1e-05	376.9499712
0.02	5e-05	376.9499712
0.02	0.0001	376.9499712
0.02	0.0003	376.9499712
0.02	0.0006	376.9499712
0.02	0.001	376.9499712
0.02	0.002	376.9499712
0.02	0.004	376.9499712
0.02	0.006	356.3479376
0.02	0.008	356.3479376
0.02	0.01	273.9367444
0.02	0.01122018454	253.3328083
0.02	0.01258925412	253.3328083
0.02	0.01412537545	168.3904629
0.02	0.01584893192	163.2398418
0.02	0.0177827941	147.7877188
0.02	0.01995262315	147.7877188
0.02	0.02238721139	147.7877188
0.02	0.02511886432	142.6369089
0.02	0.02818382931	111.7304815
0.02	0.0316227766	111.7304815
0.02	0.03548133892	91.12377474
0.02	0.03981071706	70.51314872
0.02	0.04466835922	65.35944536
0.02	0.05011872336	60.2051082
0.02	0.05623413252	60.2051082
0.02	0.06309573445	55.0499592
0.02	0.07079457844	51.49485
0.02	0.07943282347	37.07084367
0.02	0.08912509381	35.53641846
0.02	0.1	33.47618884
0.02	0.1122018454	33.47618884
0.02	0.1258925412	27.29529199
0.02	0.1412537545	27.29529199
0.02	0.1584893192	18.02279346
0.02	0.177827941	18.02279346
0.02	0.1995262315	18.02279346
0.02	0.2238721139	14.93127111
0.02	0.2511886432	12.86985
0.02	0.2818382931	12.86985
0.02	0.316227766	12.86985
0.02	0.3548133892	9.01397278
0.02	0.3981071706	9.01397278
0.02	0.4466835922	9.01397278
0.02	0.5011872336	5.51348571
0.02	0.5623413252	5.20435721
0.02	0.6309573445	3.658389054
0.02	0.7079457844	3.3490882
0.02	0.7943282347	3.039726151
0.02	0.85	2.730282105
0.02	0.95	2.475007702
0.02	1.05	2.475007702
0.02	1.2	2.062579822
0.02	1.4	1.856294622
0.02	1.6	1.856294622
0.02	1.9	1.649938157
0.02	2.2	1.236868757
0.02	2.4	1.236868757
0.02	2.7	1.236868757
0.02	3	1.236868757
0.02	3.141592654	1.030012875
0.03	1e-05	376.9499712
0.03	5e-05	376.9499712
0.03	0.0001	376.9499712
0.03	0.0003	376.9499712
0.03	0.0006	376.9499712
0.03	0.001	376.9499712
0.03	0.002	376.9499712
0.03	0.004	376.9499712
0.03	0.006	359.7816194
0.03	0.008	356.3479376
0.03	0.01	273.9367444
0.03	0.01122018454	253.3328083
0.03	0.01258925412	239.5960863
0.03	0.01412537545	179.5341086
0.03	0.01584893192	158.0891341
0.03	0.0177827941	147.7877188
0.03	0.01995262315	147.7877188
0.03	0.02238721139	147.7877188
0.03	0.02511886432	139.2029726
0.03	0.02818382931	104.8615792
0.03	0.0316227766	104.8615792
0.03	0.03548133892	87.68889617
0.03	0.03981071706	68.7952476
0.03	0.04466835922	65.35944536
0.03	0.05011872336	65.35885473
0.03	0.05623413252	63.64112171
0.03	0.06309573445	55.0499592
0.03	0.07079457844	52.6798864
0.03	0.07943282347	40.1690859
0.03	0.08912509381	39.13159681
0.03	0.1	37.07084367
0.03	0.1122018454	37.07084367
0.03	0.1258925412	27.29529199
0.03	0.1412537545	25.92167077
0.03	0.1584893192	18.02279346
0.03	0.177827941	17.67931149
0.03	0.1995262315	17.33581033
0.03	0.2238721139	14.93127111
0.03	0.2511886432	11.83895392
0.03	0.2818382931	10.80788698
0.03	0.316227766	10.80788698
0.03	0.3548133892	8.670481311
0.03	0.3981071706	8.670481311
0.03	0.4466835922	8.053216469
0.03	0.5011872336	4.895212485
0.03	0.5623413252	4.895212485
0.03	0.6309573445	3.967643025
0.03	0.7079457844	3.3490882
0.03	0.7943282347	3.039726151
0.03	0.85	2.730282105
0.03	0.95	2.475007702
0.03	1.05	2.475007702
0.03	1.2	2.062579822
0.03	1.4	2.062579822
0.03	1.6	2.062579822
0.03	1.9	1.856294622
0.03	2.2	1.443479866
0.03	2.4	1.236868757
0.03	2.7	1.236868757
0.03	3	1.030012875
0.03	3.141592654	0.9609177871
0.05	1e-05	376.9499712
0.05	5e-05	376.9499712
0.05	0.0001	376.9499712
0.05	0.0003	376.9499712
0.05	0.0006	376.9499712
0.05	0.001	376.9499712
0.05	0.002	376.9499712
0.05	0.004	376.9499712
0.05	0.006	366.648983
0.05	0.008	356.3479376
0.05	0.01	273.9367444
0.05	0.01122018454	253.3328083
0.05	0.01258925412	212.1226423
0.05	0.01412537545	212.1226423
0.05	0.01584893192	147.7877188
0.05	0.0177827941	147.7877188
0.05	0.01995262315	147.7877188
0.05	0.02238721139	147.7877188
0.05	0.02511886432	132.3351
0.05	0.02818382931	91.12377474
0.05	0.0316227766	91.12377474
0.05	0.03548133892	80.81913903
0.05	0.03981071706	75.66634779
0.05	0.04466835922	75.66634779
0.05	0.05011872336	75.66634779
0.05	0.05623413252	70.51314872
0.05	0.06309573445	60.2051082
0.05	0.07079457844	60.2051082
0.05	0.07943282347	49.43442079
0.05	0.08912509381	39.13159681
0.05	0.1	31.4159291
0.05	0.1122018454	30.38578602
0.05	0.1258925412	27.29529199
0.05	0.1412537545	27.29529199
0.05	0.1584893192	20.08354804
0.05	0.177827941	16.99234754
0.05	0.1995262315	15.96184407
0.05	0.2238721139	15.96184407
0.05	0.2511886432	11.83895392
0.05	0.2818382931	10.80788698
0.05	0.316227766	10.80788698
0.05	0.3548133892	7.983498373
0.05	0.3981071706	7.983498373
0.05	0.4466835922	6.131703847
0.05	0.5011872336	5.822600568
0.05	0.5623413252	5.20435721
0.05	0.6309573445	3.967643025
0.05	0.7079457844	3.3490882
0.05	0.7943282347	3.039726151
0.05	0.85	2.730282105
0.05	0.95	2.475007702
0.05	1.05	2.475007702
0.05	1.2	2.062579822
0.05	1.4	2.062579822
0.05	1.6	2.062579822
0.05	1.9	2.062579822
0.05	2.2	1.236868757
0.05	2.4	1.236868757
0.05	2.7	1.236868757
0.05	3	1.236868757
0.05	3.141592654	0.8227276114
0.075	1e-05	376.9499712
0.075	5e-05	376.9499712
0.075	0.0001	376.9499712
0.075	0.0003	376.9499712
0.075	0.0006	376.9499712
0.075	0.001	376.9499712
0.075	0.002	376.9499712
0.075	0.004	376.9499712
0.075	0.006	366.648983
0.075	0.008	335.7455051
0.075	0.01	268.7857988
0.075	0.01122018454	253.3328083
0.075	0.01258925412	205.7080788
0.075	0.01412537545	197.9823799
0.075	0.01584893192	163.2396582
0.075	0.0177827941	163.2396582
0.075	0.01995262315	147.7877188
0.075	0.02238721139	147.7877188
0.075	0.02511886432	137.4860044
0.075	0.02818382931	98.85141132
0.075	0.0316227766	96.27562172
0.075	0.03548133892	85.97159576
0.075	0.03981071706	75.66634779
0.075	0.04466835922	75.66634779
0.075	0.05011872336	75.66634779
0.075	0.05623413252	65.35912846
0.075	0.06309573445	65.35912846
0.075	0.07079457844	55.8499791
0.075	0.07943282347	44.2830088
0.075	0.08912509381	41.1922746
0.075	0.1	34.50630708
0.075	0.1122018454	34.50630708
0.075	0.1258925412	27.29529199
0.075	0.1412537545	24.20467182
0.075	0.1584893192	19.5683696
0.075	0.177827941	16.99231877
0.075	0.1995262315	15.96184407
0.075	0.2238721139	14.93127111
0.075	0.2511886432	12.86985
0.075	0.2818382931	12.86985
0.075	0.316227766	12.86985
0.075	0.3548133892	8.756334945
0.075	0.3981071706	7.72585523
0.075	0.4466835922	5.822600568
0.075	0.5011872336	5.51348571
0.075	0.5623413252	4.895212485
0.075	0.6309573445	3.967643025
0.075	0.7079457844	3.3490882
0.075	0.7943282347	3.039726151
0.075	0.85	2.730282105
0.075	0.95	2.730282105
0.075	1.05	2.730282105
0.075	1.2	2.062579822
0.075	1.4	2.062579822
0.075	1.6	2.062579822
0.075	1.9	2.062579822
0.075	2.2	1.236868757
0.075	2.4	1.236868757
0.075	2.7	1.236868757
0.075	3	1.236868757
0.075	3.141592654	1.030012875
0.1	1e-05	376.9499712
0.1	5e-05	376.9499712
0.1	0.0001	376.9499712
0.1	0.0003	376.9499712
0.1	0.0006	376.9499712
0.1	0.001	376.9499712
0.1	0.002	376.9499712
0.1	0.004	376.9499712
0.1	0.006	366.648983
0.1	0.008	315.1430727
0.1	0.01	263.6348532
0.1	0.01122018454	253.3328083
0.1	0.01258925412	199.2935154
0.1	0.01412537545	183.8421174
0.1	0.01584893192	178.6915977
0.1	0.0177827941	178.6915977
0.1	0.01995262315	147.7877188
0.1	0.02238721139	147.7877188
0.1	0.02511886432	142.6369089
0.1	0.02818382931	106.5790479
0.1	0.0316227766	101.4274687
0.1	0.03548133892	80.81913903
0.1	0.03981071706	75.66634779
0.1	0.04466835922	75.66634779
0.1	0.05011872336	75.66634779
0.1	0.05623413252	70.51314872
0.1	0.06309573445	70.51314872
0.1	0.07079457844	51.49485
0.1	0.07943282347	39.13159681
0.1	0.08912509381	39.13159681
0.1	0.1	35.53641846
0.1	0.1122018454	35.53641846
0.1	0.1258925412	27.29529199
0.1	0.1412537545	24.20467182
0.1	0.1584893192	19.05319115
0.1	0.177827941	18.02279346
0.1	0.1995262315	14.93127111
0.1	0.2238721139	14.93127111
0.1	0.2511886432	13.90061322
0.1	0.2818382931	13.90061322
0.1	0.316227766	11.83895392
0.1	0.3548133892	9.529171516
0.1	0.3981071706	7.468212087
0.1	0.4466835922	5.822600568
0.1	0.5011872336	5.20435721
0.1	0.5623413252	4.895212485
0.1	0.6309573445	3.967643025
0.1	0.7079457844	3.3490882
0.1	0.7943282347	3.039726151
0.1	0.85	2.730282105
0.1	0.95	2.475007702
0.1	1.05	2.475007702
0.1	1.2	2.062579822
0.1	1.4	2.062579822
0.1	1.6	2.062579822
0.1	1.9	2.062579822
0.1	2.2	1.236868757
0.1	2.4	1.236868757
0.1	2.7	1.236868757
0.1	3	1.236868757
0.1	3.141592654	1.236868757
0.13	1e-05	376.9499712
0.13	5e-05	376.9499712
0.13	0.0001	376.9499712
0.13	0.0003	376.9499712
0.13	0.0006	376.9499712
0.13	0.001	376.9499712
0.13	0.002	376.9499712
0.13	0.004	376.9499712
0.13	0.006	372.8295759
0.13	0.008	321.3238717
0.13	0.01	263.6348532
0.13	0.01122018454	220.9092326
0.13	0.01258925412	199.2935154
0.13	0.01412537545	193.1129562
0.13	0.01584893192	178.6915977
0.13	0.0177827941	157.0587844
0.13	0.01995262315	138.5161853
0.13	0.02238721139	135.4251175
0.13	0.02511886432	127.1829687
0.13	0.02818382931	103.4881004
0.13	0.0316227766	98.33641981
0.13	0.03548133892	90.09308794
0.13	0.03981071706	81.84949657
0.13	0.04466835922	75.66634779
0.13	0.05011872336	71.02797591
0.13	0.05623413252	61.23523501
0.13	0.06309573445	61.23523501
0.13	0.07079457844	46.54967269
0.13	0.07943282347	40.36800348
0.13	0.08912509381	39.13159681
0.13	0.1	37.07084367
0.13	0.1122018454	37.07084367
0.13	0.1258925412	27.29529199
0.13	0.1412537545	24.20467182
0.13	0.1584893192	22.14407955
0.13	0.177827941	19.25924621
0.13	0.1995262315	16.78618452
0.13	0.2238721139	14.93127111
0.13	0.2511886432	13.28215529
0.13	0.2818382931	12.86985
0.13	0.316227766	12.86985
0.13	0.3548133892	9.220052274
0.13	0.3981071706	7.22266049
0.13	0.4466835922	6.47086991
0.13	0.5011872336	5.51348571
0.13	0.5623413252	5.20435721
0.13	0.6309573445	3.967643025
0.13	0.7079457844	3.3490882
0.13	0.7943282347	3.039726151
0.13	0.85	2.730282105
0.13	0.95	2.730282105
0.13	1.05	2.730282105
0.13	1.2	2.268813197
0.13	1.4	2.268813197
0.13	1.6	2.268813197
0.13	1.9	2.062579822
0.13	2.2	1.443479866
0.13	2.4	1.443479866
0.13	2.7	1.443479866
0.13	3	1.236868757
0.13	3.141592654	1.112755228
0.15	1e-05	376.9499712
0.15	5e-05	376.9499712
0.15	0.0001	376.9499712
0.15	0.0003	376.9499712
0.15	0.0006	376.9499712
0.15	0.001	376.9499712
0.15	0.002	376.9499712
0.15	0.004	376.9499712
0.15	0.006	376.9499712
0.15	0.008	325.4444044
0.15	0.01	263.6348532
0.15	0.01122018454	199.2935154
0.15	0.01258925412	199.2935154
0.15	0.01412537545	199.2935154
0.15	0.01584893192	178.6915977
0.15	0.0177827941	142.6369089
0.15	0.01995262315	142.6369089
0.15	0.02238721139	142.6369089
0.15	0.02511886432	132.3351
0.15	0.02818382931	101.4274687
0.15	0.0316227766	96.27572055
0.15	0.03548133892	96.27572055
0.15	0.03981071706	85.97159576
0.15	0.04466835922	75.66634779
0.15	0.05011872336	67.935728
0.15	0.05623413252	57.6275337
0.15	0.06309573445	57.6275337
0.15	0.07079457844	43.25288782
0.15	0.07943282347	41.1922746
0.15	0.08912509381	39.13159681
0.15	0.1	34.2778289
0.15	0.1122018454	34.2778289
0.15	0.1258925412	27.29529199
0.15	0.1412537545	24.20467182
0.15	0.1584893192	24.20467182
0.15	0.177827941	20.08354804
0.15	0.1995262315	18.02279346
0.15	0.2238721139	14.41594217
0.15	0.2511886432	12.86985
0.15	0.2818382931	11.76817079
0.15	0.316227766	11.32652488
0.15	0.3548133892	9.01397278
0.15	0.3981071706	7.366690203
0.15	0.4466835922	7.058959426
0.15	0.5011872336	5.248503579
0.15	0.5623413252	4.939358088
0.15	0.6309573445	3.967643025
0.15	0.7079457844	3.3490882
0.15	0.7943282347	3.039726151
0.15	0.85	2.730282105
0.15	0.95	2.657346561
0.15	1.05	2.539510024
0.15	1.2	2.209889376
0.15	1.4	2.091991757
0.15	1.6	2.033003674
0.15	1.9	1.88569412
0.15	2.2	1.384448121
0.15	2.4	1.384448121
0.15	2.7	1.32534644
0.15	3	1.177767076
0.15	3.141592654	1.030012875
0.2	1e-05	376.9499712
0.2	5e-05	376.9499712
0.2	0.0001	376.9499712
0.2	0.0003	376.9499712
0.2	0.0006	376.9499712
0.2	0.001	376.9499712
0.2	0.002	376.9499712
0.2	0.004	376.9499712
0.2	0.006	366.648983
0.2	0.008	315.1430727
0.2	0.01	294.5401299
0.2	0.01122018454	263.6348532
0.2	0.01258925412	194.1430741
0.2	0.01412537545	178.6915977
0.2	0.01584893192	178.6915977
0.2	0.0177827941	152.9384741
0.2	0.01995262315	147.7877188
0.2	0.02238721139	147.7877188
0.2	0.02511886432	122.0329857
0.2	0.02818382931	122.0329857
0.2	0.0316227766	96.27572055
0.2	0.03548133892	96.27572055
0.2	0.03981071706	85.97159576
0.2	0.04466835922	85.97159576
0.2	0.05011872336	65.35944536
0.2	0.05623413252	65.35944536
0.2	0.06309573445	65.35944536
0.2	0.07079457844	49.43442079
0.2	0.07943282347	49.43442079
0.2	0.08912509381	49.43442079
0.2	0.1	37.07084367
0.2	0.1122018454	33.47618884
0.2	0.1258925412	30.38578602
0.2	0.1412537545	23.17442834
0.2	0.1584893192	20.08354804
0.2	0.177827941	18.02279346
0.2	0.1995262315	15.96184407
0.2	0.2238721139	13.90061322
0.2	0.2511886432	13.90061322
0.2	0.2818382931	9.529171516
0.2	0.316227766	9.01397278
0.2	0.3548133892	8.498749954
0.2	0.3981071706	8.498749954
0.2	0.4466835922	7.983498373
0.2	0.5011872336	5.51348571
0.2	0.5623413252	4.586048252
0.2	0.6309573445	3.967643025
0.2	0.7079457844	3.658389054
0.2	0.7943282347	3.039726151
0.2	0.85	2.730282105
0.2	0.95	2.475007702
0.2	1.05	2.062579822
0.2	1.2	2.062579822
0.2	1.4	1.649938157
0.2	1.6	1.649938157
0.2	1.9	1.649938157
0.2	2.2	1.649938157
0.2	2.4	1.649938157
0.2	2.7	1.649938157
0.2	3	1.649938157
0.2	3.141592654	1.649938157
0.25	1e-05	376.9499712
0.25	5e-05	376.9499712
0.25	0.0001	376.9499712
0.25	0.0003	376.9499712
0.25	0.0006	376.9499712
0.25	0.001	376.9499712
0.25	0.002	376.9499712
0.25	0.004	376.9499712
0.25	0.006	366.648983
0.25	0.008	366.648983
0.25	0.01	273.9367444
0.25	0.01122018454	253.3328083
0.25	0.01258925412	222.4255369
0.25	0.01412537545	194.1430741
0.25	0.01584893192	178.6915977
0.25	0.0177827941	178.6915977
0.25	0.01995262315	147.7877188
0.25	0.02238721139	147.7877188
0.25	0.02511886432	142.6369089
0.25	0.02818382931	142.6369089
0.25	0.0316227766	101.4274687
0.25	0.03548133892	101.4274687
0.25	0.03981071706	91.12377474
0.25	0.04466835922	80.81913903
0.25	0.05011872336	75.66634779
0.25	0.05623413252	70.51314872
0.25	0.06309573445	65.35944536
0.25	0.07079457844	51.49485
0.25	0.07943282347	45.31344527
0.25	0.08912509381	45.31344527
0.25	0.1	34.50630708
0.25	0.1122018454	32.44606309
0.25	0.1258925412	26.26510149
0.25	0.1412537545	25.23489542
0.25	0.1584893192	25.23489542
0.25	0.177827941	21.11387011
0.25	0.1995262315	21.11387011
0.25	0.2238721139	13.90061322
0.25	0.2511886432	13.38523161
0.25	0.2818382931	11.83895392
0.25	0.316227766	10.80788698
0.25	0.3548133892	9.01397278
0.25	0.3981071706	7.983498373
0.25	0.4466835922	7.366690203
0.25	0.5011872336	5.51348571
0.25	0.5623413252	4.586048252
0.25	0.6309573445	3.967643025
0.25	0.7079457844	3.3490882
0.25	0.7943282347	3.3490882
0.25	0.85	2.885004128
0.25	0.95	2.37191045
0.25	1.05	2.16569651
0.25	1.2	2.062579822
0.25	1.4	1.856294622
0.25	1.6	1.443479866
0.25	1.9	1.340174311
0.25	2.2	1.236868757
0.25	2.4	1.236868757
0.25	2.7	1.133440816
0.25	3	1.030012875
0.25	3.141592654	1.030012875
0.3	1e-05	376.9499712
0.3	5e-05	376.9499712
0.3	0.0001	376.9499712
0.3	0.0003	376.9499712
0.3	0.0006	376.9499712
0.3	0.001	376.9499712
0.3	0.002	376.9499712
0.3	0.004	376.9499712
0.3	0.006	376.9499712
0.3	0.008	366.648983
0.3	0.01	366.648983
0.3	0.01122018454	294.5401299
0.3	0.01258925412	263.6348532
0.3	0.01412537545	263.6348532
0.3	0.01584893192	263.6348532
0.3	0.0177827941	163.2398418
0.3	0.01995262315	163.2398418
0.3	0.02238721139	142.6369089
0.3	0.02511886432	127.1840856
0.3	0.02818382931	111.7304815
0.3	0.0316227766	106.5790479
0.3	0.03548133892	96.27572055
0.3	0.03981071706	91.12377474
0.3	0.04466835922	75.66634779
0.3	0.05011872336	75.66634779
0.3	0.05623413252	60.2051082
0.3	0.06309573445	55.0499592
0.3	0.07079457844	55.0499592
0.3	0.07943282347	47.37395424
0.3	0.08912509381	43.25288782
0.3	0.1	39.13159681
0.3	0.1122018454	34.50630708
0.3	0.1258925412	34.50630708
0.3	0.1412537545	26.26510149
0.3	0.1584893192	22.14416221
0.3	0.177827941	19.05319115
0.3	0.1995262315	18.02279346
0.3	0.2238721139	16.99234754
0.3	0.2511886432	13.90061322
0.3	0.2818382931	11.83895392
0.3	0.316227766	9.529171516
0.3	0.3548133892	9.529171516
0.3	0.3981071706	8.498749954
0.3	0.4466835922	6.749882034
0.3	0.5011872336	6.131703847
0.3	0.5623413252	5.20435721
0.3	0.6309573445	3.658389054
0.3	0.7079457844	3.658389054
0.3	0.7943282347	3.3490882
0.3	0.85	3.039726151
0.3	0.95	2.268813197
0.3	1.05	2.268813197
0.3	1.2	2.062579822
0.3	1.4	1.856294622
0.3	1.6	1.443479866
0.3	1.9	1.236868757
0.3	2.2	1.236868757
0.3	2.4	1.236868757
0.3	2.7	1.236868757
0.3	3	1.030012875
0.3	3.141592654	0.8227276114
0.35	1e-05	376.9499712
0.35	5e-05	376.9499712
0.35	0.0001	376.9499712
0.35	0.0003	376.9499712
0.35	0.0006	376.9499712
0.35	0.001	376.9499712
0.35	0.002	376.9499712
0.35	0.004	376.9499712
0.35	0.006	376.9499712
0.35	0.008	366.648983
0.35	0.01	325.4444044
0.35	0.01122018454	325.4444044
0.35	0.01258925412	325.4444044
0.35	0.01412537545	232.7281753
0.35	0.01584893192	204.4439344
0.35	0.0177827941	199.2935154
0.35	0.01995262315	163.2398418
0.35	0.02238721139	142.6369089
0.35	0.02511886432	142.6369089
0.35	0.02818382931	132.3351
0.35	0.0316227766	101.4274687
0.35	0.03548133892	101.4274687
0.35	0.03981071706	91.12377474
0.35	0.04466835922	85.97159576
0.35	0.05011872336	75.66634779
0.35	0.05623413252	70.51314872
0.35	0.06309573445	70.51314872
0.35	0.07079457844	55.0499592
0.35	0.07943282347	45.31344527
0.35	0.08912509381	45.31344527
0.35	0.1	45.31344527
0.35	0.1122018454	33.47618884
0.35	0.1258925412	29.3556329
0.35	0.1412537545	29.3556329
0.35	0.1584893192	21.37144313
0.35	0.177827941	20.08354804
0.35	0.1995262315	15.96184407
0.35	0.2238721139	15.96184407
0.35	0.2511886432	14.93127111
0.35	0.2818382931	14.93127111
0.35	0.316227766	10.04434987
0.35	0.3548133892	9.529171516
0.35	0.3981071706	9.529171516
0.35	0.4466835922	7.983498373
0.35	0.5011872336	5.822600568
0.35	0.5623413252	4.586048252
0.35	0.6309573445	3.658389054
0.35	0.7079457844	3.3490882
0.35	0.7943282347	3.039726151
0.35	0.85	3.039726151
0.35	0.95	2.371910449
0.35	1.05	2.16569651
0.35	1.2	1.959437222
0.35	1.4	1.75311639
0.35	1.6	1.443479866
0.35	1.9	1.236868757
0.35	2.2	1.236868757
0.35	2.4	1.236868757
0.35	2.7	1.236868757
0.35	3	1.236868757
0.35	3.141592654	1.236868757
0.4	1e-05	376.9499712
0.4	5e-05	376.9499712
0.4	0.0001	376.9499712
0.4	0.0003	376.9499712
0.4	0.0006	376.9499712
0.4	0.001	376.9499712
0.4	0.002	376.9499712
0.4	0.004	376.9499712
0.4	0.006	376.9499712
0.4	0.008	376.9499712
0.4	0.01	335.7456544
0.4	0.01122018454	325.4444044
0.4	0.01258925412	253.3328083
0.4	0.01412537545	243.0305899
0.4	0.01584893192	212.1226423
0.4	0.0177827941	173.5410471
0.4	0.01995262315	158.0891802
0.4	0.02238721139	158.0891802
0.4	0.02511886432	147.7877188
0.4	0.02818382931	122.0329857
0.4	0.0316227766	101.4274687
0.4	0.03548133892	101.4274687
0.4	0.03981071706	101.4274687
0.4	0.04466835922	101.4274687
0.4	0.05011872336	96.27572055
0.4	0.05623413252	75.66634779
0.4	0.06309573445	65.35944536
0.4	0.07079457844	55.0499592
0.4	0.07943282347	55.0499592
0.4	0.08912509381	55.0499592
0.4	0.1	39.13159681
0.4	0.1122018454	33.47618884
0.4	0.1258925412	29.3556329
0.4	0.1412537545	27.29529199
0.4	0.1584893192	23.17442834
0.4	0.177827941	20.08354804
0.4	0.1995262315	16.99234754
0.4	0.2238721139	16.99234754
0.4	0.2511886432	13.90061322
0.4	0.2818382931	11.83895392
0.4	0.316227766	10.80788698
0.4	0.3548133892	9.529171516
0.4	0.3981071706	7.983498373
0.4	0.4466835922	7.109047061
0.4	0.5011872336	5.822600568
0.4	0.5623413252	5.51348571
0.4	0.6309573445	3.967643025
0.4	0.7079457844	3.658389054
0.4	0.7943282347	3.039726151
0.4	0.85	3.039726151
0.4	0.95	2.730282105
0.4	1.05	2.268813197
0.4	1.2	1.856294622
0.4	1.4	1.649938157
0.4	1.6	1.443479866
0.4	1.9	1.236868757
0.4	2.2	1.236868757
0.4	2.4	1.236868757
0.4	2.7	1.236868757
0.4	3	1.030012875
0.4	3.141592654	1.030012875
0.45	1e-05	376.9499712
0.45	5e-05	376.9499712
0.45	0.0001	376.9499712
0.45	0.0003	376.9499712
0.45	0.0006	376.9499712
0.45	0.001	376.9499712
0.45	0.002	376.9499712
0.45	0.004	376.9499712
0.45	0.006	376.9499712
0.45	0.008	366.648983
0.45	0.01	335.7456544
0.45	0.01122018454	294.5401299
0.45	0.01258925412	263.6348532
0.45	0.01412537545	215.3560919
0.45	0.01584893192	212.1226423
0.45	0.0177827941	168.3904629
0.45	0.01995262315	168.3904629
0.45	0.02238721139	168.3904629
0.45	0.02511886432	137.4860383
0.45	0.02818382931	122.0329857
0.45	0.0316227766	122.0329857
0.45	0.03548133892	106.5790479
0.45	0.03981071706	106.5790479
0.45	0.04466835922	85.97159576
0.45	0.05011872336	85.97159576
0.45	0.05623413252	65.35944536
0.45	0.06309573445	60.2051082
0.45	0.07079457844	55.0499592
0.45	0.07943282347	55.0499592
0.45	0.08912509381	40.1619357
0.45	0.1	39.13159681
0.45	0.1122018454	34.50630708
0.45	0.1258925412	33.47618884
0.45	0.1412537545	26.78019674
0.45	0.1584893192	25.23489542
0.45	0.177827941	21.11387011
0.45	0.1995262315	18.02279346
0.45	0.2238721139	18.02279346
0.45	0.2511886432	12.86985
0.45	0.2818382931	11.83895392
0.45	0.316227766	10.04434987
0.45	0.3548133892	10.04434987
0.45	0.3981071706	9.529171516
0.45	0.4466835922	7.983498373
0.45	0.5011872336	5.822600568
0.45	0.5623413252	5.20435721
0.45	0.6309573445	4.586048252
0.45	0.7079457844	3.658389054
0.45	0.7943282347	3.3490882
0.45	0.85	3.039726151
0.45	0.95	2.475007702
0.45	1.05	2.16569651
0.45	1.2	2.06255391
0.45	1.4	1.649938157
0.45	1.6	1.649938157
0.45	1.9	1.340174311
0.45	2.2	1.236868757
0.45	2.4	1.236868757
0.45	2.7	1.236868757
0.45	3	1.133440816
0.45	3.141592654	0.9263702432
0.5	1e-05	376.9499712
0.5	5e-05	376.9499712
0.5	0.0001	376.9499712
0.5	0.0003	376.9499712
0.5	0.0006	376.9499712
0.5	0.001	376.9499712
0.5	0.002	376.9499712
0.5	0.004	376.9499712
0.5	0.006	376.9499712
0.5	0.008	366.648983
0.5	0.01	366.648983
0.5	0.01122018454	304.841651
0.5	0.01258925412	263.6348532
0.5	0.01412537545	253.3328083
0.5	0.01584893192	253.3328083
0.5	0.0177827941	194.1430741
0.5	0.01995262315	158.0891802
0.5	0.02238721139	152.9384741
0.5	0.02511886432	137.4860383
0.5	0.02818382931	137.4860383
0.5	0.0316227766	127.1840856
0.5	0.03548133892	101.4274687
0.5	0.03981071706	96.27572055
0.5	0.04466835922	96.27572055
0.5	0.05011872336	96.27572055
0.5	0.05623413252	70.51314872
0.5	0.06309573445	60.2051082
0.5	0.07079457844	60.2051082
0.5	0.07943282347	49.43442079
0.5	0.08912509381	43.25288782
0.5	0.1	39.13159681
0.5	0.1122018454	39.13159681
0.5	0.1258925412	26.26510149
0.5	0.1412537545	26.26510149
0.5	0.1584893192	23.17442834
0.5	0.177827941	22.14416221
0.5	0.1995262315	18.02279346
0.5	0.2238721139	15.96184407
0.5	0.2511886432	14.93127111
0.5	0.2818382931	13.90061322
0.5	0.316227766	11.83895392
0.5	0.3548133892	9.529171516
0.5	0.3981071706	9.01397278
0.5	0.4466835922	7.468212087
0.5	0.5011872336	6.440797216
0.5	0.5623413252	5.822600568
0.5	0.6309573445	4.276860282
0.5	0.7079457844	3.967643025
0.5	0.7943282347	3.3490882
0.5	0.85	3.039726151
0.5	0.95	2.730282105
0.5	1.05	2.268813197
0.5	1.2	2.268813197
0.5	1.4	1.649938157
0.5	1.6	1.649938157
0.5	1.9	1.649938157
0.5	2.2	1.649938157
0.5	2.4	1.649938157
0.5	2.7	1.649938157
0.5	3	1.649938157
0.5	3.141592654	1.649938157
0.54	1e-05	376.9499712
0.54	5e-05	376.9499712
0.54	0.0001	376.9499712
0.54	0.0003	376.9499712
0.54	0.0006	376.9499712
0.54	0.001	376.9499712
0.54	0.002	376.9499712
0.54	0.004	376.9499712
0.54	0.006	376.9499712
0.54	0.008	366.648983
0.54	0.01	366.648983
0.54	0.01122018454	313.0827884
0.54	0.01258925412	271.8763662
0.54	0.01412537545	228.6069912
0.54	0.01584893192	228.6069912
0.54	0.0177827941	194.1430741
0.54	0.01995262315	158.0891802
0.54	0.02238721139	157.059039
0.54	0.02511886432	137.4860383
0.54	0.02818382931	129.2444761
0.54	0.0316227766	127.1840856
0.54	0.03548133892	97.30607018
0.54	0.03981071706	96.27572055
0.54	0.04466835922	92.1541639
0.54	0.05011872336	92.1541639
0.54	0.05623413252	66.39018603
0.54	0.06309573445	64.32857793
0.54	0.07079457844	64.32857793
0.54	0.07943282347	62.17444045
0.54	0.08912509381	43.25288782
0.54	0.1	36.25545413
0.54	0.1122018454	36.25545413
0.54	0.1258925412	31.00382956
0.54	0.1412537545	27.29529199
0.54	0.1584893192	23.17442834
0.54	0.177827941	22.96837511
0.54	0.1995262315	19.67139712
0.54	0.2238721139	17.61060358
0.54	0.2511886432	14.93127111
0.54	0.2818382931	13.07600264
0.54	0.316227766	10.40327068
0.54	0.3548133892	9.529171516
0.54	0.3981071706	9.01397278
0.54	0.4466835922	8.292642381
0.54	0.5011872336	5.946239898
0.54	0.5623413252	5.822600568
0.54	0.6309573445	4.524210658
0.54	0.7079457844	3.720239848
0.54	0.7943282347	3.3490882
0.54	0.85	3.039726151
0.54	0.95	2.730282105
0.54	1.05	2.268813197
0.54	1.2	2.268813197
0.54	1.4	1.815023329
0.54	1.6	1.649938157
0.54	1.9	1.484771524
0.54	2.2	1.484771524
0.54	2.4	1.484771524
0.54	2.7	1.484771524
0.54	3	1.484771524
0.54	3.141592654	1.484771524
0.55	1e-05	376.9499712
0.55	5e-05	376.9499712
0.55	0.0001	376.9499712
0.55	0.0003	376.9499712
0.55	0.0006	376.9499712
0.55	0.001	376.9499712
0.55	0.002	376.9499712
0.55	0.004	376.9499712
0.55	0.006	376.9499712
0.55	0.008	366.648983
0.55	0.01	366.648983
0.55	0.01122018454	315.1430727
0.55	0.01258925412	273.9367444
0.55	0.01412537545	222.4255369
0.55	0.01584893192	222.4255369
0.55	0.0177827941	194.1430741
0.55	0.01995262315	158.0891802
0.55	0.02238721139	158.0891802
0.55	0.02511886432	137.4860383
0.55	0.02818382931	127.1840856
0.55	0.0316227766	127.1840856
0.55	0.03548133892	96.27572055
0.55	0.03981071706	96.27572055
0.55	0.04466835922	91.12377474
0.55	0.05011872336	91.12377474
0.55	0.05623413252	65.35944536
0.55	0.06309573445	65.35944536
0.55	0.07079457844	65.35944536
0.55	0.07943282347	65.35944536
0.55	0.08912509381	43.25288782
0.55	0.1	35.53641846
0.55	0.1122018454	35.53641846
0.55	0.1258925412	32.44606309
0.55	0.1412537545	25.23489542
0.55	0.1584893192	23.17442834
0.55	0.177827941	23.17442834
0.55	0.1995262315	20.08354804
0.55	0.2238721139	18.02279346
0.55	0.2511886432	14.93127111
0.55	0.2818382931	12.86985
0.55	0.316227766	10.04434987
0.55	0.3548133892	9.529171516
0.55	0.3981071706	9.01397278
0.55	0.4466835922	8.498749954
0.55	0.5011872336	5.822600568
0.55	0.5623413252	5.822600568
0.55	0.6309573445	4.586048252
0.55	0.7079457844	3.658389054
0.55	0.7943282347	3.3490882
0.55	0.85	3.039726151
0.55	0.95	2.730282105
0.55	1.05	2.062579822
0.55	1.2	1.856294622
0.55	1.4	1.856294622
0.55	1.6	1.443479866
0.55	1.9	1.443479866
0.55	2.2	1.443479866
0.55	2.4	1.443479866
0.55	2.7	1.443479866
0.55	3	1.443479866
0.55	3.141592654	1.443479866
0.6	1e-05	376.9499712
0.6	5e-05	376.9499712
0.6	0.0001	376.9499712
0.6	0.0003	376.9499712
0.6	0.0006	376.9499712
0.6	0.001	376.9499712
0.6	0.002	376.9499712
0.6	0.004	376.9499712
0.6	0.006	376.9499712
0.6	0.008	366.648983
0.6	0.01	346.04683
0.6	0.01122018454	315.1430727
0.6	0.01258925412	253.3328083
0.6	0.01412537545	232.7281753
0.6	0.01584893192	222.4255369
0.6	0.0177827941	222.4255369
0.6	0.01995262315	178.6915977
0.6	0.02238721139	152.9384741
0.6	0.02511886432	142.6369089
0.6	0.02818382931	132.3351
0.6	0.0316227766	116.8817888
0.6	0.03548133892	116.8817888
0.6	0.03981071706	116.8817888
0.6	0.04466835922	96.27572055
0.6	0.05011872336	75.66634779
0.6	0.05623413252	70.51314872
0.6	0.06309573445	65.35944536
0.6	0.07079457844	51.49485
0.6	0.07943282347	51.49485
0.6	0.08912509381	43.25288782
0.6	0.1	37.07084367
0.6	0.1122018454	34.50630708
0.6	0.1258925412	31.4159291
0.6	0.1412537545	26.26510149
0.6	0.1584893192	23.17442834
0.6	0.177827941	21.11387011
0.6	0.1995262315	20.08354804
0.6	0.2238721139	16.99234754
0.6	0.2511886432	14.93127111
0.6	0.2818382931	12.86985
0.6	0.316227766	10.80788698
0.6	0.3548133892	10.04434987
0.6	0.3981071706	10.04434987
0.6	0.4466835922	7.983498373
0.6	0.5011872336	6.440797216
0.6	0.5623413252	5.51348571
0.6	0.6309573445	4.586048252
0.6	0.7079457844	3.967643025
0.6	0.7943282347	3.039726151
0.6	0.85	3.039726151
0.6	0.95	2.268813197
0.6	1.05	2.268813197
0.6	1.2	1.856294622
0.6	1.4	1.649938157
0.6	1.6	1.649938157
0.6	1.9	1.649938157
0.6	2.2	1.649938157
0.6	2.4	1.649938157
0.6	2.7	1.649938157
0.6	3	1.649938157
0.6	3.141592654	1.649938157
0.65	1e-05	376.9499712
0.65	5e-05	376.9499712
0.65	0.0001	376.9499712
0.65	0.0003	376.9499712
0.65	0.0006	376.9499712
0.65	0.001	376.9499712
0.65	0.002	376.9499712
0.65	0.004	376.9499712
0.65	0.006	376.9499712
0.65	0.008	366.648983
0.65	0.01	335.7456544
0.65	0.01122018454	315.1430727
0.65	0.01258925412	243.0305899
0.65	0.01412537545	232.7281753
0.65	0.01584893192	232.7281753
0.65	0.0177827941	199.2935154
0.65	0.01995262315	188.9926088
0.65	0.02238721139	147.7877188
0.65	0.02511886432	147.7877188
0.65	0.02818382931	137.4860383
0.65	0.0316227766	111.7304815
0.65	0.03548133892	101.4274687
0.65	0.03981071706	96.27572055
0.65	0.04466835922	85.97159576
0.65	0.05011872336	70.51314872
0.65	0.05623413252	70.51314872
0.65	0.06309573445	70.51314872
0.65	0.07079457844	55.0499592
0.65	0.07943282347	51.49485
0.65	0.08912509381	49.43442079
0.65	0.1	39.13159681
0.65	0.1122018454	39.13159681
0.65	0.1258925412	35.53641846
0.65	0.1412537545	35.53641846
0.65	0.1584893192	25.23489542
0.65	0.177827941	23.17442834
0.65	0.1995262315	20.08354804
0.65	0.2238721139	20.08354804
0.65	0.2511886432	14.93127111
0.65	0.2818382931	11.83895392
0.65	0.316227766	10.04434987
0.65	0.3548133892	9.529171516
0.65	0.3981071706	9.529171516
0.65	0.4466835922	9.01397278
0.65	0.5011872336	5.822600568
0.65	0.5623413252	5.51348571
0.65	0.6309573445	5.51348571
0.65	0.7079457844	4.586048252
0.65	0.7943282347	3.3490882
0.65	0.85	3.039726151
0.65	0.95	2.730282105
0.65	1.05	2.062579822
0.65	1.2	1.856294622
0.65	1.4	1.649938157
0.65	1.6	1.649938157
0.65	1.9	1.030012875
0.65	2.2	1.030012875
0.65	2.4	1.030012875
0.65	2.7	1.030012875
0.65	3	1.030012875
0.65	3.141592654	1.030012875
0.7	1e-05	376.9499712
0.7	5e-05	376.9499712
0.7	0.0001	376.9499712
0.7	0.0003	376.9499712
0.7	0.0006	376.9499712
0.7	0.001	376.9499712
0.7	0.002	376.9499712
0.7	0.004	376.9499712
0.7	0.006	376.9499712
0.7	0.008	366.648983
0.7	0.01	356.3479376
0.7	0.01122018454	294.5401299
0.7	0.01258925412	263.6348532
0.7	0.01412537545	263.6348532
0.7	0.01584893192	222.4255369
0.7	0.0177827941	199.2935154
0.7	0.01995262315	199.2935154
0.7	0.02238721139	158.0891802
0.7	0.02511886432	137.4860383
0.7	0.02818382931	127.1840856
0.7	0.0316227766	127.1840856
0.7	0.03548133892	127.1840856
0.7	0.03981071706	96.27572055
0.7	0.04466835922	85.97159576
0.7	0.05011872336	80.81913903
0.7	0.05623413252	75.66634779
0.7	0.06309573445	75.66634779
0.7	0.07079457844	55.0499592
0.7	0.07943282347	47.37395424
0.7	0.08912509381	45.31344527
0.7	0.1	45.31344527
0.7	0.1122018454	37.07084367
0.7	0.1258925412	37.07084367
0.7	0.1412537545	28.32546865
0.7	0.1584893192	26.26510149
0.7	0.177827941	22.14416221
0.7	0.1995262315	20.08354804
0.7	0.2238721139	16.99234754
0.7	0.2511886432	14.93127111
0.7	0.2818382931	11.83895392
0.7	0.316227766	11.83895392
0.7	0.3548133892	11.83895392
0.7	0.3981071706	9.01397278
0.7	0.4466835922	9.01397278
0.7	0.5011872336	6.749882034
0.7	0.5623413252	5.51348571
0.7	0.6309573445	4.276860282
0.7	0.7079457844	3.967643025
0.7	0.7943282347	3.3490882
0.7	0.85	3.039726151
0.7	0.95	2.475007702
0.7	1.05	2.268813197
0.7	1.2	2.062579822
0.7	1.4	1.856294622
0.7	1.6	1.856294622
0.7	1.9	1.856294622
0.7	2.2	1.856294622
0.7	2.4	1.856294622
0.7	2.7	1.856294622
0.7	3	1.856294622
0.7	3.141592654	1.856294622
0.74	1e-05	376.9499712
0.74	5e-05	376.9499712
0.74	0.0001	376.9499712
0.74	0.0003	376.9499712
0.74	0.0006	376.9499712
0.74	0.001	376.9499712
0.74	0.002	376.9499712
0.74	0.004	376.9499712
0.74	0.006	376.9499712
0.74	0.008	366.648983
0.74	0.01	356.3479376
0.74	0.01122018454	284.2384985
0.74	0.01258925412	284.2384985
0.74	0.01412537545	232.7281753
0.74	0.01584893192	212.1226423
0.74	0.0177827941	212.1226423
0.74	0.01995262315	212.1226423
0.74	0.02238721139	163.2398418
0.74	0.02511886432	137.4860383
0.74	0.02818382931	127.1840856
0.74	0.0316227766	127.1840856
0.74	0.03548133892	127.1840856
0.74	0.03981071706	111.7304815
0.74	0.04466835922	111.7304815
0.74	0.05011872336	80.81913903
0.74	0.05623413252	70.51314872
0.74	0.06309573445	65.35944536
0.74	0.07079457844	55.0499592
0.74	0.07943282347	49.43442079
0.74	0.08912509381	47.37395424
0.74	0.1	37.07084367
0.74	0.1122018454	33.47618884
0.74	0.1258925412	32.44606309
0.74	0.1412537545	29.3556329
0.74	0.1584893192	23.17442834
0.74	0.177827941	21.89686948
0.74	0.1995262315	20.08354804
0.74	0.2238721139	16.99234754
0.74	0.2511886432	15.96184407
0.74	0.2818382931	15.96184407
0.74	0.316227766	10.80788698
0.74	0.3548133892	10.80788698
0.74	0.3981071706	9.529171516
0.74	0.4466835922	9.01397278
0.74	0.5011872336	6.749882034
0.74	0.5623413252	5.20435721
0.74	0.6309573445	5.20435721
0.74	0.7079457844	3.967643025
0.74	0.7943282347	3.3490882
0.74	0.85	2.730282105
0.74	0.95	2.730282105
0.74	1.05	2.268813197
0.74	1.2	2.268813197
0.74	1.4	1.856294622
0.74	1.6	1.649938157
0.74	1.9	1.021721464
0.74	2.2	1.021721464
0.74	2.4	1.021721464
0.74	2.7	1.013395506
0.74	3	1.013395506
0.74	3.141592654	1.013395506
0.75	1e-05	376.9499712
0.75	5e-05	376.9499712
0.75	0.0001	376.9499712
0.75	0.0003	376.9499712
0.75	0.0006	376.9499712
0.75	0.001	376.9499712
0.75	0.002	376.9499712
0.75	0.004	376.9499712
0.75	0.006	376.9499712
0.75	0.008	366.648983
0.75	0.01	356.3479376
0.75	0.01122018454	304.8411954
0.75	0.01258925412	278.3517427
0.75	0.01412537545	232.7281753
0.75	0.01584893192	212.1226423
0.75	0.0177827941	201.0993294
0.75	0.01995262315	201.0993294
0.75	0.02238721139	158.8249495
0.75	0.02511886432	140.4293756
0.75	0.02818382931	127.1840856
0.75	0.0316227766	127.1840856
0.75	0.03548133892	124.2405722
0.75	0.03981071706	108.7867636
0.75	0.04466835922	104.3707999
0.75	0.05011872336	80.81913903
0.75	0.05623413252	70.51314872
0.75	0.06309573445	63.8867776
0.75	0.07079457844	54.03421371
0.75	0.07943282347	49.43442079
0.75	0.08912509381	46.78523739
0.75	0.1	39.4258727
0.75	0.1122018454	33.1818672
0.75	0.1258925412	31.8574125
0.75	0.1412537545	28.76696407
0.75	0.1584893192	23.46878362
0.75	0.177827941	22.14416221
0.75	0.1995262315	20.37792577
0.75	0.2238721139	16.40346856
0.75	0.2511886432	15.66739465
0.75	0.2818382931	14.78387546
0.75	0.316227766	10.58973352
0.75	0.3548133892	10.58973352
0.75	0.3981071706	9.381971877
0.75	0.4466835922	9.01397278
0.75	0.5011872336	6.396625941
0.75	0.5623413252	5.116030146
0.75	0.6309573445	4.939358088
0.75	0.7079457844	3.967643025
0.75	0.7943282347	3.260699043
0.75	0.85	2.730282105
0.75	0.95	2.657346561
0.75	1.05	2.327725913
0.75	1.2	2.209889376
0.75	1.4	1.797335632
0.75	1.6	1.649938157
0.75	1.9	1.030012875
0.75	2.2	1.030012875
0.75	2.4	1.030012875
0.75	2.7	1.030012875
0.75	3	1.030012875
0.75	3.141592654	1.030012875
0.775	1e-05	376.9499712
0.775	5e-05	376.9499712
0.775	0.0001	376.9499712
0.775	0.0003	376.9499712
0.775	0.0006	376.9499712
0.775	0.001	376.9499712
0.775	0.002	376.9499712
0.775	0.004	376.9499712
0.775	0.006	376.9499712
0.775	0.008	366.648983
0.775	0.01	356.3479376
0.775	0.01122018454	356.3479376
0.775	0.01258925412	263.6348532
0.775	0.01412537545	232.7281753
0.775	0.01584893192	212.1226423
0.775	0.0177827941	173.5410471
0.775	0.01995262315	173.5410471
0.775	0.02238721139	147.7877188
0.775	0.02511886432	147.7877188
0.775	0.02818382931	127.1840856
0.775	0.0316227766	127.1840856
0.775	0.03548133892	116.8817888
0.775	0.03981071706	101.4274687
0.775	0.04466835922	85.97159576
0.775	0.05011872336	80.81913903
0.775	0.05623413252	70.51314872
0.775	0.06309573445	60.2051082
0.775	0.07079457844	51.49485
0.775	0.07943282347	49.43442079
0.775	0.08912509381	45.31344527
0.775	0.1	45.31344527
0.775	0.1122018454	32.44606309
0.775	0.1258925412	30.38578602
0.775	0.1412537545	27.29529199
0.775	0.1584893192	24.20467182
0.775	0.177827941	23.17442834
0.775	0.1995262315	21.11387011
0.775	0.2238721139	14.93127111
0.775	0.2511886432	14.93127111
0.775	0.2818382931	11.83895392
0.775	0.316227766	10.04434987
0.775	0.3548133892	10.04434987
0.775	0.3981071706	9.01397278
0.775	0.4466835922	9.01397278
0.775	0.5011872336	5.51348571
0.775	0.5623413252	4.895212485
0.775	0.6309573445	4.276860282
0.775	0.7079457844	3.967643025
0.775	0.7943282347	3.039726151
0.775	0.85	2.730282105
0.775	0.95	2.475007702
0.775	1.05	2.475007702
0.775	1.2	2.062579822
0.775	1.4	1.649938157
0.775	1.6	1.649938157
0.775	1.9	1.443479866
0.775	2.2	1.443479866
0.775	2.4	1.443479866
0.775	2.7	1.443479866
0.775	3	1.443479866
0.775	3.141592654	1.443479866
0.81	1e-05	376.9499712
0.81	5e-05	376.9499712
0.81	0.0001	376.9499712
0.81	0.0003	376.9499712
0.81	0.0006	376.9499712
0.81	0.001	376.9499712
0.81	0.002	376.9499712
0.81	0.004	376.9499712
0.81	0.006	376.9499712
0.81	0.008	376.9499712
0.81	0.01	366.648983
0.81	0.01122018454	284.2384985
0.81	0.01258925412	273.9367444
0.81	0.01412537545	263.6348532
0.81	0.01584893192	222.4255369
0.81	0.0177827941	199.2935154
0.81	0.01995262315	178.6915977
0.81	0.02238721139	163.2398418
0.81	0.02511886432	137.4860383
0.81	0.02818382931	127.1840856
0.81	0.0316227766	109.6682248
0.81	0.03548133892	96.27572055
0.81	0.03981071706	91.12377474
0.81	0.04466835922	91.12377474
0.81	0.05011872336	91.12377474
0.81	0.05623413252	70.51314872
0.81	0.06309573445	65.35944536
0.81	0.07079457844	60.2051082
0.81	0.07943282347	49.43442079
0.81	0.08912509381	49.43442079
0.81	0.1	49.43442079
0.81	0.1122018454	45.31344527
0.81	0.1258925412	29.3556329
0.81	0.1412537545	27.29529199
0.81	0.1584893192	23.17442834
0.81	0.177827941	22.14416221
0.81	0.1995262315	19.05319115
0.81	0.2238721139	18.02279346
0.81	0.2511886432	12.86985
0.81	0.2818382931	11.83895392
0.81	0.316227766	11.83895392
0.81	0.3548133892	9.529171516
0.81	0.3981071706	9.529171516
0.81	0.4466835922	7.983498373
0.81	0.5011872336	6.131703847
0.81	0.5623413252	5.51348571
0.81	0.6309573445	5.20435721
0.81	0.7079457844	3.967643025
0.81	0.7943282347	3.039726151
0.81	0.85	2.730282105
0.81	0.95	2.730282105
0.81	1.05	2.268813197
0.81	1.2	2.062579822
0.81	1.4	2.062579822
0.81	1.6	1.856294622
0.81	1.9	1.236868757
0.81	2.2	1.236868757
0.81	2.4	1.236868757
0.81	2.7	1.236868757
0.81	3	1.236868757
0.81	3.141592654	1.236868757
0.85	1e-05	376.9499712
0.85	5e-05	376.9499712
0.85	0.0001	376.9499712
0.85	0.0003	376.9499712
0.85	0.0006	376.9499712
0.85	0.001	376.9499712
0.85	0.002	376.9499712
0.85	0.004	376.9499712
0.85	0.006	376.9499712
0.85	0.008	366.648983
0.85	0.01	346.04683
0.85	0.01122018454	304.841651
0.85	0.01258925412	263.6348532
0.85	0.01412537545	263.6348532
0.85	0.01584893192	199.2935154
0.85	0.0177827941	199.2935154
0.85	0.01995262315	183.8421174
0.85	0.02238721139	168.3904629
0.85	0.02511886432	168.3904629
0.85	0.02818382931	137.4860383
0.85	0.0316227766	132.3351
0.85	0.03548133892	132.3351
0.85	0.03981071706	132.3351
0.85	0.04466835922	96.27572055
0.85	0.05011872336	91.12377474
0.85	0.05623413252	85.97159576
0.85	0.06309573445	75.66634779
0.85	0.07079457844	60.2051082
0.85	0.07943282347	49.43442079
0.85	0.08912509381	49.43442079
0.85	0.1	41.1922746
0.85	0.1122018454	37.07084367
0.85	0.1258925412	35.53641846
0.85	0.1412537545	26.26510149
0.85	0.1584893192	24.20467182
0.85	0.177827941	21.11387011
0.85	0.1995262315	20.08354804
0.85	0.2238721139	16.99234754
0.85	0.2511886432	15.96184407
0.85	0.2818382931	15.96184407
0.85	0.316227766	10.04434987
0.85	0.3548133892	9.529171516
0.85	0.3981071706	9.529171516
0.85	0.4466835922	8.498749954
0.85	0.5011872336	6.440797216
0.85	0.5623413252	5.822600568
0.85	0.6309573445	4.586048252
0.85	0.7079457844	3.967643025
0.85	0.7943282347	3.039726151
0.85	0.85	3.039726151
0.85	0.95	2.475007702
0.85	1.05	2.268813197
0.85	1.2	2.062579822
0.85	1.4	2.062579822
0.85	1.6	1.649938157
0.85	1.9	1.277982988
0.85	2.2	1.277982988
0.85	2.4	1.277982988
0.85	2.7	1.277982988
0.85	3	1.277982988
0.85	3.141592654	1.277982988
0.9	1e-05	376.9499712
0.9	5e-05	376.9499712
0.9	0.0001	376.9499712
0.9	0.0003	376.9499712
0.9	0.0006	376.9499712
0.9	0.001	376.9499712
0.9	0.002	376.9499712
0.9	0.004	376.9499712
0.9	0.006	376.9499712
0.9	0.008	376.9499712
0.9	0.01	356.3479376
0.9	0.01122018454	325.4444044
0.9	0.01258925412	263.6348532
0.9	0.01412537545	232.7281753
0.9	0.01584893192	232.7281753
0.9	0.0177827941	232.7281753
0.9	0.01995262315	163.2398418
0.9	0.02238721139	163.2398418
0.9	0.02511886432	132.3351
0.9	0.02818382931	132.3351
0.9	0.0316227766	127.1840856
0.9	0.03548133892	96.27572055
0.9	0.03981071706	96.27572055
0.9	0.04466835922	85.97159576
0.9	0.05011872336	80.81913903
0.9	0.05623413252	80.81913903
0.9	0.06309573445	70.51314872
0.9	0.07079457844	55.0499592
0.9	0.07943282347	55.0499592
0.9	0.08912509381	47.37395424
0.9	0.1	47.37395424
0.9	0.1122018454	37.07084367
0.9	0.1258925412	32.44606309
0.9	0.1412537545	28.32546865
0.9	0.1584893192	24.20467182
0.9	0.177827941	21.11387011
0.9	0.1995262315	19.05319115
0.9	0.2238721139	15.96184407
0.9	0.2511886432	15.96184407
0.9	0.2818382931	13.90061322
0.9	0.316227766	11.83895392
0.9	0.3548133892	10.04434987
0.9	0.3981071706	9.01397278
0.9	0.4466835922	8.498749954
0.9	0.5011872336	7.058959426
0.9	0.5623413252	5.822600568
0.9	0.6309573445	4.586048252
0.9	0.7079457844	3.658389054
0.9	0.7943282347	3.039726151
0.9	0.85	3.039726151
0.9	0.95	2.730282105
0.9	1.05	2.268813197
0.9	1.2	1.856294622
0.9	1.4	1.856294622
0.9	1.6	1.856294622
0.9	1.9	1.856294622
0.9	2.2	1.856294622
0.9	2.4	1.856294622
0.9	2.7	1.856294622
0.9	3	1.856294622
0.9	3.141592654	1.856294622
0.958	1e-05	376.9499712
0.958	5e-05	376.9499712
0.958	0.0001	376.9499712
0.958	0.0003	376.9499712
0.958	0.0006	376.9499712
0.958	0.001	376.9499712
0.958	0.002	376.9499712
0.958	0.004	376.9499712
0.958	0.006	376.9499712
0.958	0.008	366.648983
0.958	0.01	356.3479376
0.958	0.01122018454	304.841651
0.958	0.01258925412	294.5401299
0.958	0.01412537545	253.3328083
0.958	0.01584893192	222.4255369
0.958	0.0177827941	183.8421174
0.958	0.01995262315	173.5410471
0.958	0.02238721139	173.5410471
0.958	0.02511886432	142.6369089
0.958	0.02818382931	132.3351
0.958	0.0316227766	111.7304815
0.958	0.03548133892	106.5790479
0.958	0.03981071706	96.27572055
0.958	0.04466835922	96.27572055
0.958	0.05011872336	96.27572055
0.958	0.05623413252	80.81913903
0.958	0.06309573445	80.81913903
0.958	0.07079457844	80.81913903
0.958	0.07943282347	55.0499592
0.958	0.08912509381	55.0499592
0.958	0.1	37.07084367
0.958	0.1122018454	35.53641846
0.958	0.1258925412	35.53641846
0.958	0.1412537545	35.53641846
0.958	0.1584893192	26.26510149
0.958	0.177827941	22.14416221
0.958	0.1995262315	19.05319115
0.958	0.2238721139	16.99234754
0.958	0.2511886432	14.93127111
0.958	0.2818382931	13.90061322
0.958	0.316227766	10.80788698
0.958	0.3548133892	10.04434987
0.958	0.3981071706	9.529171516
0.958	0.4466835922	9.01397278
0.958	0.5011872336	6.181138981
0.958	0.5623413252	4.895212485
0.958	0.6309573445	4.276860282
0.958	0.7079457844	3.658389054
0.958	0.7943282347	3.039726151
0.958	0.85	3.039726151
0.958	0.95	2.730282105
0.958	1.05	2.475007702
0.958	1.2	2.062579822
0.958	1.4	1.856294622
0.958	1.6	1.649938157
0.958	1.9	1.54579071
0.958	2.2	1.54579071
0.958	2.4	1.54579071
0.958	2.7	1.54579071
0.958	3	1.54579071
0.958	3.141592654	1.54579071
1	1e-05	376.9499712
1	5e-05	376.9499712
1	0.0001	376.9499712
1	0.0003	376.9499712
1	0.0006	376.9499712
1	0.001	376.9499712
1	0.002	376.9499712
1	0.004	376.9499712
1	0.006	376.9499712
1	0.008	376.9499712
1	0.01	366.648983
1	0.01122018454	315.1430727
1	0.01258925412	253.3328083
1	0.01412537545	232.7281753
1	0.01584893192	232.7281753
1	0.0177827941	199.2935154
1	0.01995262315	178.6915977
1	0.02238721139	168.3904629
1	0.02511886432	168.3904629
1	0.02818382931	137.4860383
1	0.0316227766	137.4860383
1	0.03548133892	137.4860383
1	0.03981071706	96.27572055
1	0.04466835922	80.81913903
1	0.05011872336	75.66634779
1	0.05623413252	75.66634779
1	0.06309573445	70.51314872
1	0.07079457844	55.0499592
1	0.07943282347	51.49485
1	0.08912509381	47.37395424
1	0.1	45.31344527
1	0.1122018454	37.07084367
1	0.1258925412	34.50630708
1	0.1412537545	28.32546865
1	0.1584893192	22.14416221
1	0.177827941	21.11387011
1	0.1995262315	18.02279346
1	0.2238721139	15.96184407
1	0.2511886432	12.86985
1	0.2818382931	11.83895392
1	0.316227766	11.83895392
1	0.3548133892	11.83895392
1	0.3981071706	9.529171516
1	0.4466835922	7.983498373
1	0.5011872336	7.058959426
1	0.5623413252	5.51348571
1	0.6309573445	5.20435721
1	0.7079457844	3.967643025
1	0.7943282347	3.3490882
1	0.85	3.039726151
1	0.95	2.475007702
1	1.05	2.268813197
1	1.2	2.062579822
1	1.4	1.856294622
1	1.6	1.649938157
1	1.9	1.649938157
1	2.2	1.649938157
1	2.4	1.649938157
1	2.7	1.649938157
1	3	1.649938157
1	3.141592654	1.649938157
1.022	1e-05	376.9499712
1.022	5e-05	376.9499712
1.022	0.0001	376.9499712
1.022	0.0003	376.9499712
1.022	0.0006	376.9499712
1.022	0.001	376.9499712
1.022	0.002	376.9499712
1.022	0.004	376.9499712
1.022	0.006	376.9499712
1.022	0.008	376.9499712
1.022	0.01	366.648983
1.022	0.01122018454	325.4444044
1.022	0.01258925412	253.3328083
1.022	0.01412537545	232.7281753
1.022	0.01584893192	199.2935154
1.022	0.0177827941	199.2935154
1.022	0.01995262315	178.6915977
1.022	0.02238721139	152.9384741
1.022	0.02511886432	137.4860383
1.022	0.02818382931	137.4860383
1.022	0.0316227766	111.7304815
1.022	0.03548133892	106.5790479
1.022	0.03981071706	96.27572055
1.022	0.04466835922	96.27572055
1.022	0.05011872336	91.12377474
1.022	0.05623413252	75.66634779
1.022	0.06309573445	75.66634779
1.022	0.07079457844	55.0499592
1.022	0.07943282347	51.49485
1.022	0.08912509381	43.25288782
1.022	0.1	41.1922746
1.022	0.1122018454	37.07084367
1.022	0.1258925412	31.4159291
1.022	0.1412537545	27.29529199
1.022	0.1584893192	25.23489542
1.022	0.177827941	21.11387011
1.022	0.1995262315	20.08354804
1.022	0.2238721139	20.08354804
1.022	0.2511886432	15.96184407
1.022	0.2818382931	12.86985
1.022	0.316227766	11.83895392
1.022	0.3548133892	10.80788698
1.022	0.3981071706	9.529171516
1.022	0.4466835922	7.983498373
1.022	0.5011872336	6.440797216
1.022	0.5623413252	4.895212485
1.022	0.6309573445	4.586048252
1.022	0.7079457844	3.967643025
1.022	0.7943282347	3.658389054
1.022	0.85	3.039726151
1.022	0.95	2.475007702
1.022	1.05	2.268813197
1.022	1.2	2.268813197
1.022	1.4	2.062579822
1.022	1.6	1.856294622
1.022	1.9	1.704399161
1.022	2.2	1.704399161
1.022	2.4	1.704399161
1.022	2.7	1.704399161
1.022	3	1.704399161
1.022	3.141592654	1.704399161
1.06	1e-05	376.9499712
1.06	5e-05	376.9499712
1.06	0.0001	376.9499712
1.06	0.0003	376.9499712
1.06	0.0006	376.9499712
1.06	0.001	376.9499712
1.06	0.002	376.9499712
1.06	0.004	376.9499712
1.06	0.006	376.9499712
1.06	0.008	376.9499712
1.06	0.01	356.3479376
1.06	0.01122018454	284.2384985
1.06	0.01258925412	273.9367444
1.06	0.01412537545	273.9367444
1.06	0.01584893192	273.9367444
1.06	0.0177827941	199.2935154
1.06	0.01995262315	173.5410471
1.06	0.02238721139	163.2398418
1.06	0.02511886432	152.9384741
1.06	0.02818382931	132.3351
1.06	0.0316227766	122.0329857
1.06	0.03548133892	106.5790479
1.06	0.03981071706	96.27572055
1.06	0.04466835922	96.27572055
1.06	0.05011872336	85.97159576
1.06	0.05623413252	75.66634779
1.06	0.06309573445	65.35944536
1.06	0.07079457844	51.49485
1.06	0.07943282347	49.43442079
1.06	0.08912509381	45.31344527
1.06	0.1	43.25288782
1.06	0.1122018454	39.13159681
1.06	0.1258925412	33.47618884
1.06	0.1412537545	28.32546865
1.06	0.1584893192	24.20467182
1.06	0.177827941	21.11387011
1.06	0.1995262315	18.02279346
1.06	0.2238721139	16.99234754
1.06	0.2511886432	13.90061322
1.06	0.2818382931	11.83895392
1.06	0.316227766	10.80788698
1.06	0.3548133892	9.529171516
1.06	0.3981071706	9.529171516
1.06	0.4466835922	9.01397278
1.06	0.5011872336	6.440797216
1.06	0.5623413252	6.131703847
1.06	0.6309573445	4.586048252
1.06	0.7079457844	3.967643025
1.06	0.7943282347	3.3490882
1.06	0.85	2.730282105
1.06	0.95	2.730282105
1.06	1.05	2.475007702
1.06	1.2	2.062579822
1.06	1.4	2.062579822
1.06	1.6	1.856294622
1.06	1.9	1.798468167
1.06	2.2	1.798468167
1.06	2.4	1.798468167
1.06	2.7	1.798468167
1.06	3	1.798468167
1.06	3.141592654	1.798468167
1.1	1e-05	376.9499712
1.1	5e-05	376.9499712
1.1	0.0001	376.9499712
1.1	0.0003	376.9499712
1.1	0.0006	376.9499712
1.1	0.001	376.9499712
1.1	0.002	376.9499712
1.1	0.004	376.9499712
1.1	0.006	376.9499712
1.1	0.008	366.648983
1.1	0.01	356.3479376
1.1	0.01122018454	325.4444044
1.1	0.01258925412	273.9367444
1.1	0.01412537545	273.9367444
1.1	0.01584893192	204.4439344
1.1	0.0177827941	188.9926088
1.1	0.01995262315	183.8421174
1.1	0.02238721139	163.2398418
1.1	0.02511886432	142.6369089
1.1	0.02818382931	122.0329857
1.1	0.0316227766	111.7304815
1.1	0.03548133892	106.5790479
1.1	0.03981071706	96.27572055
1.1	0.04466835922	96.27572055
1.1	0.05011872336	96.27572055
1.1	0.05623413252	75.66634779
1.1	0.06309573445	70.51314872
1.1	0.07079457844	60.2051082
1.1	0.07943282347	55.0499592
1.1	0.08912509381	49.43442079
1.1	0.1	41.1922746
1.1	0.1122018454	37.07084367
1.1	0.1258925412	32.44606309
1.1	0.1412537545	29.3556329
1.1	0.1584893192	28.32546865
1.1	0.177827941	21.11387011
1.1	0.1995262315	20.08354804
1.1	0.2238721139	16.99234754
1.1	0.2511886432	12.86985
1.1	0.2818382931	12.86985
1.1	0.316227766	10.80788698
1.1	0.3548133892	10.80788698
1.1	0.3981071706	9.529171516
1.1	0.4466835922	8.498749954
1.1	0.5011872336	7.058959426
1.1	0.5623413252	5.51348571
1.1	0.6309573445	5.20435721
1.1	0.7079457844	3.967643025
1.1	0.7943282347	3.3490882
1.1	0.85	3.3490882
1.1	0.95	2.730282105
1.1	1.05	2.475007702
1.1	1.2	2.268813197
1.1	1.4	2.062579822
1.1	1.6	1.897488173
1.1	1.9	1.897488173
1.1	2.2	1.897488173
1.1	2.4	1.897488173
1.1	2.7	1.897488173
1.1	3	1.897488173
1.1	3.141592654	1.897488173
1.2	1e-05	376.9499712
1.2	5e-05	376.9499712
1.2	0.0001	376.9499712
1.2	0.0003	376.9499712
1.2	0.0006	376.9499712
1.2	0.001	376.9499712
1.2	0.002	376.9499712
1.2	0.004	376.9499712
1.2	0.006	376.9499712
1.2	0.008	376.9499712
1.2	0.01	366.648983
1.2	0.01122018454	304.841651
1.2	0.01258925412	284.2384985
1.2	0.01412537545	253.3328083
1.2	0.01584893192	232.7281753
1.2	0.0177827941	194.1430741
1.2	0.01995262315	188.9926088
1.2	0.02238721139	152.9384741
1.2	0.02511886432	147.7877188
1.2	0.02818382931	147.7877188
1.2	0.0316227766	122.0329857
1.2	0.03548133892	111.7304815
1.2	0.03981071706	96.27572055
1.2	0.04466835922	96.27572055
1.2	0.05011872336	96.27572055
1.2	0.05623413252	75.66634779
1.2	0.06309573445	65.35944536
1.2	0.07079457844	65.35944536
1.2	0.07943282347	51.49485
1.2	0.08912509381	45.31344527
1.2	0.1	43.25288782
1.2	0.1122018454	41.1922746
1.2	0.1258925412	37.07084367
1.2	0.1412537545	28.32546865
1.2	0.1584893192	28.32546865
1.2	0.177827941	22.14416221
1.2	0.1995262315	20.08354804
1.2	0.2238721139	15.96184407
1.2	0.2511886432	13.90061322
1.2	0.2818382931	12.86985
1.2	0.316227766	10.80788698
1.2	0.3548133892	9.529171516
1.2	0.3981071706	9.529171516
1.2	0.4466835922	9.01397278
1.2	0.5011872336	7.468212087
1.2	0.5623413252	6.008009829
1.2	0.6309573445	4.586048252
1.2	0.7079457844	3.658389054
1.2	0.7943282347	3.3490882
1.2	0.85	3.039726151
1.2	0.95	2.730282105
1.2	1.05	2.475007702
1.2	1.2	2.145038189
1.2	1.4	2.145038189
1.2	1.6	2.145038189
1.2	1.9	2.145038189
1.2	2.2	2.145038189
1.2	2.4	2.145038189
1.2	2.7	2.145038189
1.2	3	2.145038189
1.2	3.141592654	2.145038189
1.25	1e-05	376.9499712
1.25	5e-05	376.9499712
1.25	0.0001	376.9499712
1.25	0.0003	376.9499712
1.25	0.0006	376.9499712
1.25	0.001	376.9499712
1.25	0.002	376.9499712
1.25	0.004	376.9499712
1.25	0.006	376.9499712
1.25	0.008	376.9499712
1.25	0.01	366.648983
1.25	0.01122018454	330.5947943
1.25	0.01258925412	284.2384985
1.25	0.01412537545	263.6347764
1.25	0.01584893192	232.7281753
1.25	0.0177827941	203.1328582
1.25	0.01995262315	196.7182716
1.25	0.02238721139	158.089158
1.25	0.02511886432	145.2123138
1.25	0.02818382931	142.6368786
1.25	0.0316227766	127.1840428
1.25	0.03548133892	111.7304815
1.25	0.03981071706	98.85159463
1.25	0.04466835922	96.27572055
1.25	0.05011872336	91.12365816
1.25	0.05623413252	80.81897177
1.25	0.06309573445	67.93629704
1.25	0.07079457844	62.78227678
1.25	0.07943282347	51.49485
1.25	0.08912509381	47.37393303
1.25	0.1	45.31342103
1.25	0.1122018454	39.13155914
1.25	0.1258925412	35.27351626
1.25	0.1412537545	28.84055078
1.25	0.1584893192	28.32546865
1.25	0.177827941	25.23481543
1.25	0.1995262315	20.59870908
1.25	0.2238721139	16.47709581
1.25	0.2511886432	15.44648038
1.25	0.2818382931	14.93109877
1.25	0.316227766	11.32342045
1.25	0.3548133892	9.529171516
1.25	0.3981071706	9.529171516
1.25	0.4466835922	9.01397278
1.25	0.5011872336	6.954504652
1.25	0.5623413252	6.440797216
1.25	0.6309573445	4.586048252
1.25	0.7079457844	3.813016039
1.25	0.7943282347	3.658365612
1.25	0.85	3.039726151
1.25	0.95	2.730282105
1.25	1.05	2.37191045
1.25	1.2	2.268813197
1.25	1.4	2.268813197
1.25	1.6	2.268813197
1.25	1.9	2.268813197
1.25	2.2	2.268813197
1.25	2.4	2.268813197
1.25	2.7	2.268813197
1.25	3	2.268813197
1.25	3.141592654	2.268813197
1.3	1e-05	376.9499712
1.3	5e-05	376.9499712
1.3	0.0001	376.9499712
1.3	0.0003	376.9499712
1.3	0.0006	376.9499712
1.3	0.001	376.9499712
1.3	0.002	376.9499712
1.3	0.004	376.9499712
1.3	0.006	376.9499712
1.3	0.008	376.9499712
1.3	0.01	366.648983
1.3	0.01122018454	356.3479376
1.3	0.01258925412	284.2384985
1.3	0.01412537545	273.9367444
1.3	0.01584893192	232.7281753
1.3	0.0177827941	212.1226423
1.3	0.01995262315	204.4439344
1.3	0.02238721139	163.2398418
1.3	0.02511886432	142.6369089
1.3	0.02818382931	137.4860383
1.3	0.0316227766	132.3351
1.3	0.03548133892	111.7304815
1.3	0.03981071706	101.4274687
1.3	0.04466835922	96.27572055
1.3	0.05011872336	85.97159576
1.3	0.05623413252	85.97159576
1.3	0.06309573445	70.51314872
1.3	0.07079457844	60.2051082
1.3	0.07943282347	51.49485
1.3	0.08912509381	49.43442079
1.3	0.1	47.37395424
1.3	0.1122018454	37.07084367
1.3	0.1258925412	33.47618884
1.3	0.1412537545	29.3556329
1.3	0.1584893192	28.32546865
1.3	0.177827941	28.32546865
1.3	0.1995262315	21.11387011
1.3	0.2238721139	16.99234754
1.3	0.2511886432	16.99234754
1.3	0.2818382931	16.99234754
1.3	0.316227766	11.83895392
1.3	0.3548133892	9.529171516
1.3	0.3981071706	9.529171516
1.3	0.4466835922	9.01397278
1.3	0.5011872336	6.440797216
1.3	0.5623413252	6.440797216
1.3	0.6309573445	4.586048252
1.3	0.7079457844	3.967643025
1.3	0.7943282347	3.967643025
1.3	0.85	3.103210001
1.3	0.95	3.103210001
1.3	1.05	3.103210001
1.3	1.2	3.103210001
1.3	1.4	3.103210001
1.3	1.6	3.103210001
1.3	1.9	3.103210001
1.3	2.2	3.103210001
1.3	2.4	3.103210001
1.3	2.7	3.103210001
1.3	3	3.103210001
1.3	3.141592654	3.103210001
1.4	1e-05	376.9499712
1.4	5e-05	376.9499712
1.4	0.0001	376.9499712
1.4	0.0003	376.9499712
1.4	0.0006	376.9499712
1.4	0.001	376.9499712
1.4	0.002	376.9499712
1.4	0.004	376.9499712
1.4	0.006	376.9499712
1.4	0.008	376.9499712
1.4	0.01	376.9499712
1.4	0.01122018454	304.841651
1.4	0.01258925412	284.2384985
1.4	0.01412537545	253.3328083
1.4	0.01584893192	232.7281753
1.4	0.0177827941	232.7281753
1.4	0.01995262315	199.2935154
1.4	0.02238721139	199.2935154
1.4	0.02511886432	199.2935154
1.4	0.02818382931	127.1840856
1.4	0.0316227766	127.1840856
1.4	0.03548133892	116.8817888
1.4	0.03981071706	101.4274687
1.4	0.04466835922	96.27572055
1.4	0.05011872336	96.27572055
1.4	0.05623413252	91.12377474
1.4	0.06309573445	75.66634779
1.4	0.07079457844	75.66634779
1.4	0.07943282347	75.66634779
1.4	0.08912509381	49.43442079
1.4	0.1	47.37395424
1.4	0.1122018454	39.13159681
1.4	0.1258925412	37.07084367
1.4	0.1412537545	28.32546865
1.4	0.1584893192	27.29529199
1.4	0.177827941	23.17442834
1.4	0.1995262315	21.11387011
1.4	0.2238721139	19.05319115
1.4	0.2511886432	18.02279346
1.4	0.2818382931	13.90061322
1.4	0.316227766	11.83895392
1.4	0.3548133892	10.80788698
1.4	0.3981071706	9.529171516
1.4	0.4466835922	9.01397278
1.4	0.5011872336	7.058959426
1.4	0.5623413252	6.440797216
1.4	0.6309573445	5.20411361
1.4	0.7079457844	4.85448141
1.4	0.7943282347	4.772003608
1.4	0.85	4.772003608
1.4	0.95	4.772003608
1.4	1.05	4.772003608
1.4	1.2	4.772003608
1.4	1.4	4.772003608
1.4	1.6	4.772003608
1.4	1.9	4.772003608
1.4	2.2	4.772003608
1.4	2.4	4.772003608
1.4	2.7	4.772003608
1.4	3	4.772003608
1.4	3.141592654	4.772003608
1.5	1e-05	400
1.5	5e-05	400
1.5	0.0001	400
1.5	0.0003	400
1.5	0.0006	400
1.5	0.001	400
1.5	0.002	400
1.5	0.004	400
1.5	0.006	400
1.5	0.008	400
1.5	0.01	387.2509069
1.5	0.01122018454	366.648983
1.5	0.01258925412	335.7456544
1.5	0.01412537545	325.4444044
1.5	0.01584893192	315.1430727
1.5	0.0177827941	273.9367444
1.5	0.01995262315	273.9367444
1.5	0.02238721139	243.0305899
1.5	0.02511886432	243.0305899
1.5	0.02818382931	232.7281753
1.5	0.0316227766	232.7281753
1.5	0.03548133892	158.0891802
1.5	0.03981071706	132.3351
1.5	0.04466835922	132.3351
1.5	0.05011872336	122.0329857
1.5	0.05623413252	96.27572055
1.5	0.06309573445	85.97159576
1.5	0.07079457844	85.97159576
1.5	0.07943282347	70.51314872
1.5	0.08912509381	65.35944536
1.5	0.1	55.0499592
1.5	0.1122018454	51.49485
1.5	0.1258925412	49.43442079
1.5	0.1412537545	43.25288782
1.5	0.1584893192	41.1922746
1.5	0.177827941	32.44606309
1.5	0.1995262315	30.38578602
1.5	0.2238721139	23.17442834
1.5	0.2511886432	21.11387011
1.5	0.2818382931	18.02279346
1.5	0.316227766	14.93127111
1.5	0.3548133892	11.83895392
1.5	0.3981071706	10.04434987
1.5	0.4466835922	9.01397278
1.5	0.5011872336	7.983498373
1.5	0.5623413252	6.440797216
1.5	0.6309573445	6.440797216
1.5	0.7079457844	6.440797216
1.5	0.7943282347	6.440797216
1.5	0.85	6.440797216
1.5	0.95	6.440797216
1.5	1.05	6.440797216
1.5	1.2	6.440797216
1.5	1.4	6.440797216
1.5	1.6	6.440797216
1.5	1.9	6.440797216
1.5	2.2	6.440797216
1.5	2.4	6.440797216
1.5	2.7	6.440797216
1.5	3	6.440797216
1.5	3.141592654	6.440797216
1.6	1e-05	400
1.6	5e-05	400
1.6	0.0001	400
1.6	0.0003	400
1.6	0.0006	400
1.6	0.001	400
1.6	0.002	400
1.6	0.004	400
1.6	0.006	400
1.6	0.008	400
1.6	0.01	389.3110843
1.6	0.01122018454	372.8295452
1.6	0.01258925412	346.0467049
1.6	0.01412537545	323.3841381
1.6	0.01584893192	315.1430727
1.6	0.0177827941	282.1780101
1.6	0.01995262315	275.9970952
1.6	0.02238721139	247.1514426
1.6	0.02511886432	238.9095793
1.6	0.02818382931	230.6676476
1.6	0.0316227766	230.6676476
1.6	0.03548133892	163.2397676
1.6	0.03981071706	138.5160484
1.6	0.04466835922	134.3954618
1.6	0.05011872336	123.0632057
1.6	0.05623413252	102.4573936
1.6	0.06309573445	94.21409373
1.6	0.07079457844	89.06277035
1.6	0.07943282347	73.60483813
1.6	0.08912509381	67.42082585
1.6	0.1	57.11185643
1.6	0.1122018454	53.23690164
1.6	0.1258925412	50.55752847
1.6	0.1412537545	44.0771011
1.6	0.1584893192	40.36798841
1.6	0.177827941	32.65208824
1.6	0.1995262315	30.59181464
1.6	0.2238721139	23.17442834
1.6	0.2511886432	21.11387011
1.6	0.2818382931	17.81670428
1.6	0.316227766	14.72513953
1.6	0.3548133892	11.83895392
1.6	0.3981071706	9.838274452
1.6	0.4466835922	9.01397278
1.6	0.5011872336	8.498749954
1.6	0.5623413252	6.193518557
1.6	0.6309573445	6.193518557
1.6	0.7079457844	6.193518557
1.6	0.7943282347	6.193518557
1.6	0.85	6.193518557
1.6	0.95	6.193518557
1.6	1.05	6.193518557
1.6	1.2	6.193518557
1.6	1.4	6.193518557
1.6	1.6	6.193518557
1.6	1.9	6.193518557
1.6	2.2	6.193518557
1.6	2.4	6.193518557
1.6	2.7	6.193518557
1.6	3	6.193518557
1.6	3.141592654	6.193518557
1.75	1e-05	400
1.75	5e-05	400
1.75	0.0001	400
1.75	0.0003	400
1.75	0.0006	400
1.75	0.001	400
1.75	0.002	400
1.75	0.004	400
1.75	0.006	400
1.75	0.008	400
1.75	0.01	392.4013505
1.75	0.01122018454	382.1003885
1.75	0.01258925412	361.4982806
1.75	0.01412537545	320.2937386
1.75	0.01584893192	315.1430727
1.75	0.0177827941	294.5399086
1.75	0.01995262315	279.0876215
1.75	0.02238721139	253.3327216
1.75	0.02511886432	232.7280634
1.75	0.02818382931	227.5768561
1.75	0.0316227766	227.5768561
1.75	0.03548133892	170.9656488
1.75	0.03981071706	147.7874709
1.75	0.04466835922	137.4860044
1.75	0.05011872336	124.6085356
1.75	0.05623413252	111.7299031
1.75	0.06309573445	106.5778407
1.75	0.07079457844	93.69953223
1.75	0.07943282347	78.24237224
1.75	0.08912509381	70.51289657
1.75	0.1	60.20470228
1.75	0.1122018454	55.8499791
1.75	0.1258925412	52.24219
1.75	0.1412537545	45.31342103
1.75	0.1584893192	39.13155914
1.75	0.177827941	32.96112597
1.75	0.1995262315	30.90085756
1.75	0.2238721139	23.17442834
1.75	0.2511886432	21.11387011
1.75	0.2818382931	17.5075705
1.75	0.316227766	14.41594217
1.75	0.3548133892	11.83895392
1.75	0.3981071706	9.529161325
1.75	0.4466835922	8.627555661
1.75	0.5011872336	8.112311268
1.75	0.5623413252	6.286248054
1.75	0.6309573445	5.822600568
1.75	0.7079457844	5.822600568
1.75	0.7943282347	5.822600568
1.75	0.85	5.822600568
1.75	0.95	5.822600568
1.75	1.05	5.822600568
1.75	1.2	5.822600568
1.75	1.4	5.822600568
1.75	1.6	5.822600568
1.75	1.9	5.822600568
1.75	2.2	5.822600568
1.75	2.4	5.822600568
1.75	2.7	5.822600568
1.75	3	5.822600568
1.75	3.141592654	5.822600568
1.8	1e-05	400
1.8	5e-05	400
1.8	0.0001	400
1.8	0.0003	400
1.8	0.0006	400
1.8	0.001	400
1.8	0.002	400
1.8	0.004	400
1.8	0.006	400
1.8	0.008	400
1.8	0.01	393.4314392
1.8	0.01122018454	385.1906697
1.8	0.01258925412	366.6488059
1.8	0.01412537545	319.2636054
1.8	0.01584893192	315.1430727
1.8	0.0177827941	298.6605414
1.8	0.01995262315	280.1177969
1.8	0.02238721139	255.3931479
1.8	0.02511886432	230.6675581
1.8	0.02818382931	226.5465923
1.8	0.0316227766	226.5465923
1.8	0.03548133892	173.5409425
1.8	0.03981071706	150.8779451
1.8	0.04466835922	138.5161853
1.8	0.05011872336	125.1236456
1.8	0.05623413252	114.8207396
1.8	0.06309573445	110.6990897
1.8	0.07079457844	95.24511952
1.8	0.07943282347	79.78821694
1.8	0.08912509381	71.54358682
1.8	0.1	61.2356509
1.8	0.1122018454	56.72100492
1.8	0.1258925412	52.80374384
1.8	0.1412537545	45.72552767
1.8	0.1584893192	38.71941604
1.8	0.177827941	33.06413854
1.8	0.1995262315	31.00387187
1.8	0.2238721139	23.17442834
1.8	0.2511886432	21.11387011
1.8	0.2818382931	17.40452591
1.8	0.316227766	14.31287638
1.8	0.3548133892	11.83895392
1.8	0.3981071706	9.426123616
1.8	0.4466835922	8.498749954
1.8	0.5011872336	7.983498373
1.8	0.5623413252	6.440797216
1.8	0.6309573445	5.946239898
1.8	0.7079457844	5.946239898
1.8	0.7943282347	5.946239898
1.8	0.85	5.946239898
1.8	0.95	5.946239898
1.8	1.05	5.946239898
1.8	1.2	5.946239898
1.8	1.4	5.946239898
1.8	1.6	5.946239898
1.8	1.9	5.946239898
1.8	2.2	5.946239898
1.8	2.4	5.946239898
1.8	2.7	5.946239898
1.8	3	5.946239898
1.8	3.141592654	5.946239898
2	1e-05	400
2	5e-05	400
2	0.0001	400
2	0.0003	400
2	0.0006	400
2	0.001	400
2	0.002	400
2	0.004	400
2	0.006	400
2	0.008	400
2	0.01	397.5517941
2	0.01122018454	397.5517941
2	0.01258925412	387.2509069
2	0.01412537545	315.1430727
2	0.01584893192	315.1430727
2	0.0177827941	315.1430727
2	0.01995262315	284.2384985
2	0.02238721139	263.6348532
2	0.02511886432	222.4255369
2	0.02818382931	222.4255369
2	0.0316227766	222.4255369
2	0.03548133892	183.8421174
2	0.03981071706	163.2398418
2	0.04466835922	142.6369089
2	0.05011872336	127.1840856
2	0.05623413252	127.1840856
2	0.06309573445	127.1840856
2	0.07079457844	101.4274687
2	0.07943282347	85.97159576
2	0.08912509381	75.66634779
2	0.1	65.35944536
2	0.1122018454	60.2051082
2	0.1258925412	55.0499592
2	0.1412537545	47.37395424
2	0.1584893192	37.07084367
2	0.177827941	33.47618884
2	0.1995262315	31.4159291
2	0.2238721139	23.17442834
2	0.2511886432	21.11387011
2	0.2818382931	16.99234754
2	0.316227766	13.90061322
2	0.3548133892	11.83895392
2	0.3981071706	9.01397278
2	0.4466835922	8.498749954
2	0.5011872336	6.749882034
2	0.5623413252	6.749882034
2	0.6309573445	6.749882034
2	0.7079457844	6.749882034
2	0.7943282347	6.749882034
2	0.85	6.749882034
2	0.95	6.749882034
2	1.05	6.749882034
2	1.2	6.749882034
2	1.4	6.749882034
2	1.6	6.749882034
2	1.9	6.749882034
2	2.2	6.749882034
2	2.4	6.749882034
2	2.7	6.749882034
2	3	6.749882034
2	3.141592654	6.749882034
2.2	1e-05	400
2.2	5e-05	400
2.2	0.0001	400
2.2	0.0003	400
2.2	0.0006	400
2.2	0.001	400
2.2	0.002	400
2.2	0.004	400
2.2	0.006	400
2.2	0.008	400
2.2	0.01	397.5517941
2.2	0.01122018454	397.5517941
2.2	0.01258925412	374.8897192
2.2	0.01412537545	331.6250187
2.2	0.01584893192	323.3841054
2.2	0.0177827941	311.022504
2.2	0.01995262315	288.3591511
2.2	0.02238721139	263.6348532
2.2	0.02511886432	230.6675581
2.2	0.02818382931	222.4255369
2.2	0.0316227766	209.0523657
2.2	0.03548133892	183.8421174
2.2	0.03981071706	169.4205442
2.2	0.04466835922	150.8780821
2.2	0.05011872336	139.5461234
2.2	0.05623413252	125.1236456
2.2	0.06309573445	118.9420705
2.2	0.07079457844	99.36676944
2.2	0.07943282347	85.97159576
2.2	0.08912509381	75.66634779
2.2	0.1	65.35944536
2.2	0.1122018454	62.26684306
2.2	0.1258925412	52.80374384
2.2	0.1412537545	44.90128238
2.2	0.1584893192	37.89514493
2.2	0.177827941	33.88823614
2.2	0.1995262315	30.59181062
2.2	0.2238721139	23.17442834
2.2	0.2511886432	20.70174128
2.2	0.2818382931	16.99234754
2.2	0.316227766	13.90061322
2.2	0.3548133892	11.1211123
2.2	0.3981071706	9.01397278
2.2	0.4466835922	8.498749954
2.2	0.5011872336	7.470067442
2.2	0.5623413252	7.470067442
2.2	0.6309573445	7.470067442
2.2	0.7079457844	7.470067442
2.2	0.7943282347	7.470067442
2.2	0.85	7.470067442
2.2	0.95	7.470067442
2.2	1.05	7.470067442
2.2	1.2	7.470067442
2.2	1.4	7.470067442
2.2	1.6	7.470067442
2.2	1.9	7.470067442
2.2	2.2	7.470067442
2.2	2.4	7.470067442
2.2	2.7	7.470067442
2.2	3	7.470067442
2.2	3.141592654	7.470067442
2.5	1e-05	400
2.5	5e-05	400
2.5	0.0001	400
2.5	0.0003	400
2.5	0.0006	400
2.5	0.001	400
2.5	0.002	400
2.5	0.004	400
2.5	0.006	400
2.5	0.008	400
2.5	0.01	397.5517941
2.5	0.01122018454	397.5517941
2.5	0.01258925412	356.3479376
2.5	0.01412537545	356.3479376
2.5	0.01584893192	335.7456544
2.5	0.0177827941	304.841651
2.5	0.01995262315	294.5401299
2.5	0.02238721139	263.6348532
2.5	0.02511886432	243.0305899
2.5	0.02818382931	222.4255369
2.5	0.0316227766	188.9926088
2.5	0.03548133892	183.8421174
2.5	0.03981071706	178.6915977
2.5	0.04466835922	163.2398418
2.5	0.05011872336	158.0891802
2.5	0.05623413252	122.0329857
2.5	0.06309573445	106.5790479
2.5	0.07079457844	96.27572055
2.5	0.07943282347	85.97159576
2.5	0.08912509381	75.66634779
2.5	0.1	65.35944536
2.5	0.1122018454	65.35944536
2.5	0.1258925412	49.43442079
2.5	0.1412537545	41.1922746
2.5	0.1584893192	39.13159681
2.5	0.177827941	34.50630708
2.5	0.1995262315	29.3556329
2.5	0.2238721139	23.17442834
2.5	0.2511886432	20.08354804
2.5	0.2818382931	16.99234754
2.5	0.316227766	13.90061322
2.5	0.3548133892	10.80788698
2.5	0.3981071706	9.01397278
2.5	0.4466835922	9.01397278
2.5	0.5011872336	9.01397278
2.5	0.5623413252	9.01397278
2.5	0.6309573445	9.01397278
2.5	0.7079457844	9.01397278
2.5	0.7943282347	9.01397278
2.5	0.85	9.01397278
2.5	0.95	9.01397278
2.5	1.05	9.01397278
2.5	1.2	9.01397278
2.5	1.4	9.01397278
2.5	1.6	9.01397278
2.5	1.9	9.01397278
2.5	2.2	9.01397278
2.5	2.4	9.01397278
2.5	2.7	9.01397278
2.5	3	9.01397278
2.5	3.141592654	9.01397278
3	1e-05	400
3	5e-05	400
3	0.0001	400
3	0.0003	400
3	0.0006	400
3	0.001	400
3	0.002	400
3	0.004	400
3	0.006	400
3	0.008	400
3	0.01	400
3	0.01122018454	400
3	0.01258925412	387.2509069
3	0.01412537545	376.9499712
3	0.01584893192	356.3479376
3	0.0177827941	356.3479376
3	0.01995262315	273.9367444
3	0.02238721139	263.6348532
3	0.02511886432	232.7281753
3	0.02818382931	232.7281753
3	0.0316227766	232.7281753
3	0.03548133892	212.1226423
3	0.03981071706	168.3904629
3	0.04466835922	163.2398418
3	0.05011872336	163.2398418
3	0.05623413252	116.8817888
3	0.06309573445	106.5790479
3	0.07079457844	101.4274687
3	0.07943282347	85.97159576
3	0.08912509381	75.66634779
3	0.1	65.35944536
3	0.1122018454	65.35944536
3	0.1258925412	65.35944536
3	0.1412537545	45.31344527
3	0.1584893192	39.13159681
3	0.177827941	34.50630708
3	0.1995262315	30.38578602
3	0.2238721139	28.32546865
3	0.2511886432	19.05319115
3	0.2818382931	18.02279346
3	0.316227766	18.02279346
3	0.3548133892	18.02279346
3	0.3981071706	18.02279346
3	0.4466835922	18.02279346
3	0.5011872336	18.02279346
3	0.5623413252	18.02279346
3	0.6309573445	18.02279346
3	0.7079457844	18.02279346
3	0.7943282347	18.02279346
3	0.85	18.02279346
3	0.95	18.02279346
3	1.05	18.02279346
3	1.2	18.02279346
3	1.4	18.02279346
3	1.6	18.02279346
3	1.9	18.02279346
3	2.2	18.02279346
3	2.4	18.02279346
3	2.7	18.02279346
3	3	18.02279346
3	3.141592654	18.02279346
3.5	1e-05	397.5517941
3.5	5e-05	397.5517941
3.5	0.0001	397.5517941
3.5	0.0003	397.5517941
3.5	0.0006	397.5517941
3.5	0.001	397.5517941
3.5	0.002	397.5517941
3.5	0.004	397.5517941
3.5	0.006	397.5517941
3.5	0.008	397.5517941
3.5	0.01	397.5517941
3.5	0.01122018454	397.5517941
3.5	0.01258925412	397.5517941
3.5	0.01412537545	397.5517941
3.5	0.01584893192	387.2509069
3.5	0.0177827941	387.2509069
3.5	0.01995262315	315.1430727
3.5	0.02238721139	304.841651
3.5	0.02511886432	243.0305899
3.5	0.02818382931	232.7281753
3.5	0.0316227766	222.4255369
3.5	0.03548133892	188.9926088
3.5	0.03981071706	188.9926088
3.5	0.04466835922	173.5410471
3.5	0.05011872336	158.0891802
3.5	0.05623413252	158.0891802
3.5	0.06309573445	106.5790479
3.5	0.07079457844	106.5790479
3.5	0.07943282347	91.12377474
3.5	0.08912509381	91.12377474
3.5	0.1	70.51314872
3.5	0.1122018454	65.35944536
3.5	0.1258925412	55.0499592
3.5	0.1412537545	45.31344527
3.5	0.1584893192	39.13159681
3.5	0.177827941	35.53641846
3.5	0.1995262315	28.32546865
3.5	0.2238721139	22.14416221
3.5	0.2511886432	16.99234754
3.5	0.2818382931	13.90061322
3.5	0.316227766	12.86985
3.5	0.3548133892	12.86985
3.5	0.3981071706	12.86985
3.5	0.4466835922	12.86985
3.5	0.5011872336	12.86985
3.5	0.5623413252	12.86985
3.5	0.6309573445	12.86985
3.5	0.7079457844	12.86985
3.5	0.7943282347	12.86985
3.5	0.85	12.86985
3.5	0.95	12.86985
3.5	1.05	12.86985
3.5	1.2	12.86985
3.5	1.4	12.86985
3.5	1.6	12.86985
3.5	1.9	12.86985
3.5	2.2	12.86985
3.5	2.4	12.86985
3.5	2.7	12.86985
3.5	3	12.86985
3.5	3.141592654	12.86985
4	1e-05	400
4	5e-05	400
4	0.0001	400
4	0.0003	400
4	0.0006	400
4	0.001	400
4	0.002	400
4	0.004	400
4	0.006	400
4	0.008	397.5517941
4	0.01	397.5517941
4	0.01122018454	397.5517941
4	0.01258925412	387.2509069
4	0.01412537545	376.9499712
4	0.01584893192	376.9499712
4	0.0177827941	335.7456544
4	0.01995262315	335.7456544
4	0.02238721139	304.841651
4	0.02511886432	273.9367444
4	0.02818382931	273.9367444
4	0.0316227766	222.4255369
4	0.03548133892	199.2935154
4	0.03981071706	183.8421174
4	0.04466835922	173.5410471
4	0.05011872336	163.2398418
4	0.05623413252	122.0329857
4	0.06309573445	116.8817888
4	0.07079457844	111.7304815
4	0.07943282347	111.7304815
4	0.08912509381	85.97159576
4	0.1	85.97159576
4	0.1122018454	65.35944536
4	0.1258925412	51.49485
4	0.1412537545	47.37395424
4	0.1584893192	45.31344527
4	0.177827941	34.50630708
4	0.1995262315	26.26510149
4	0.2238721139	24.20467182
4	0.2511886432	24.20467182
4	0.2818382931	24.20467182
4	0.316227766	24.20467182
4	0.3548133892	24.20467182
4	0.3981071706	24.20467182
4	0.4466835922	24.20467182
4	0.5011872336	24.20467182
4	0.5623413252	24.20467182
4	0.6309573445	24.20467182
4	0.7079457844	24.20467182
4	0.7943282347	24.20467182
4	0.85	24.20467182
4	0.95	24.20467182
4	1.05	24.20467182
4	1.2	24.20467182
4	1.4	24.20467182
4	1.6	24.20467182
4	1.9	24.20467182
4	2.2	24.20467182
4	2.4	24.20467182
4	2.7	24.20467182
4	3	24.20467182
4	3.141592654	24.20467182
4.5	1e-05	400
4.5	5e-05	400
4.5	0.0001	400
4.5	0.0003	400
4.5	0.0006	400
4.5	0.001	400
4.5	0.002	400
4.5	0.004	400
4.5	0.006	400
4.5	0.008	400
4.5	0.01	397.5517941
4.5	0.01122018454	397.5517941
4.5	0.01258925412	387.2509069
4.5	0.01412537545	376.9499712
4.5	0.01584893192	356.3479376
4.5	0.0177827941	356.3479376
4.5	0.01995262315	356.3479376
4.5	0.02238721139	284.2384985
4.5	0.02511886432	273.9367444
4.5	0.02818382931	273.9367444
4.5	0.0316227766	222.4255369
4.5	0.03548133892	212.1226423
4.5	0.03981071706	199.2935154
4.5	0.04466835922	163.2398418
4.5	0.05011872336	152.9384741
4.5	0.05623413252	142.6369089
4.5	0.06309573445	142.6369089
4.5	0.07079457844	122.0329857
4.5	0.07943282347	91.12377474
4.5	0.08912509381	85.97159576
4.5	0.1	70.51314872
4.5	0.1122018454	60.2051082
4.5	0.1258925412	55.0499592
4.5	0.1412537545	45.31344527
4.5	0.1584893192	43.25288782
4.5	0.177827941	32.44606309
4.5	0.1995262315	22.14416221
4.5	0.2238721139	22.14416221
4.5	0.2511886432	22.14416221
4.5	0.2818382931	22.14416221
4.5	0.316227766	22.14416221
4.5	0.3548133892	22.14416221
4.5	0.3981071706	22.14416221
4.5	0.4466835922	22.14416221
4.5	0.5011872336	22.14416221
4.5	0.5623413252	22.14416221
4.5	0.6309573445	22.14416221
4.5	0.7079457844	22.14416221
4.5	0.7943282347	22.14416221
4.5	0.85	22.14416221
4.5	0.95	22.14416221
4.5	1.05	22.14416221
4.5	1.2	22.14416221
4.5	1.4	22.14416221
4.5	1.6	22.14416221
4.5	1.9	22.14416221
4.5	2.2	22.14416221
4.5	2.4	22.14416221
4.5	2.7	22.14416221
4.5	3	22.14416221
4.5	3.141592654	22.14416221
5	1e-05	397.5517941
5	5e-05	397.5517941
5	0.0001	397.5517941
5	0.0003	397.5517941
5	0.0006	397.5517941
5	0.001	397.5517941
5	0.002	397.5517941
5	0.004	397.5517941
5	0.006	397.5517941
5	0.008	397.5517941
5	0.01	397.5517941
5	0.01122018454	397.5517941
5	0.01258925412	397.5517941
5	0.01412537545	397.5517941
5	0.01584893192	387.2509069
5	0.0177827941	356.3479376
5	0.01995262315	356.3479376
5	0.02238721139	356.3479376
5	0.02511886432	243.0305899
5	0.02818382931	232.7281753
5	0.0316227766	232.7281753
5	0.03548133892	188.9926088
5	0.03981071706	168.3904629
5	0.04466835922	152.9384741
5	0.05011872336	147.7877188
5	0.05623413252	142.6369089
5	0.06309573445	116.8817888
5	0.07079457844	106.5790479
5	0.07943282347	96.27572055
5	0.08912509381	96.27572055
5	0.1	70.51314872
5	0.1122018454	70.51314872
5	0.1258925412	55.0499592
5	0.1412537545	49.43442079
5	0.1584893192	35.53641846
5	0.177827941	29.3556329
5	0.1995262315	29.3556329
5	0.2238721139	29.3556329
5	0.2511886432	29.3556329
5	0.2818382931	29.3556329
5	0.316227766	29.3556329
5	0.3548133892	29.3556329
5	0.3981071706	29.3556329
5	0.4466835922	29.3556329
5	0.5011872336	29.3556329
5	0.5623413252	29.3556329
5	0.6309573445	29.3556329
5	0.7079457844	29.3556329
5	0.7943282347	29.3556329
5	0.85	29.3556329
5	0.95	29.3556329
5	1.05	29.3556329
5	1.2	29.3556329
5	1.4	29.3556329
5	1.6	29.3556329
5	1.9	29.3556329
5	2.2	29.3556329
5	2.4	29.3556329
5	2.7	29.3556329
5	3	29.3556329
5	3.141592654	29.3556329
