0.005	2.029980e+02
0.0075	2.019760e+02
0.01	2.005510e+02
0.0125	1.987290e+02
0.015	1.965170e+02
0.0175	1.939250e+02
0.02	1.909897e+02
0.0225	1.876707e+02
0.025	1.840077e+02
0.0275	1.800167e+02
0.03	1.757127e+02
0.0325	1.711158e+02
0.035	1.662438e+02
0.0375	1.611178e+02
0.04	1.557588e+02
0.0425	1.501888e+02
0.045	1.444328e+02
0.0475	1.385148e+02
0.05	1.324589e+02
0.0525	1.262909e+02
0.055	1.200379e+02
0.0575	1.137269e+02
0.06	1.073839e+02
0.0625	1.010370e+02
0.065	9.471208e+01
0.0675	8.843710e+01
0.07	8.223852e+01
0.0725	7.614275e+01
0.075	7.017547e+01
0.0775	6.436180e+01
0.08	5.872562e+01
0.0825	5.329015e+01
0.085	4.807698e+01
0.0875	4.310641e+01
0.09	3.839693e+01
0.0925	3.396537e+01
0.095	2.982630e+01
0.0975	2.599213e+01
0.1	2.247276e+01
0.1025	1.927540e+01
0.105	1.640424e+01
0.1075	1.386038e+01
0.11	1.164132e+01
0.1125	9.741150e+00
0.115	8.149836e+00
0.1175	6.853250e+00
0.12	5.832844e+00
0.1225	5.065315e+00
0.125	4.522415e+00
0.1275	4.170594e+00
0.13	3.970772e+00
0.1325	3.878038e+00
0.135	3.841312e+00
0.1375	3.813776e+00
0.14	3.785879e+00
0.1425	3.757631e+00
0.145	3.729021e+00
0.1475	3.700060e+00
0.15	3.670759e+00
0.1525	3.641137e+00
0.155	3.611194e+00
0.1575	3.580920e+00
0.16	3.550345e+00
0.1625	3.519480e+00
0.165	3.488314e+00
0.1675	3.456867e+00
0.17	3.425139e+00
0.1725	3.393152e+00
0.175	3.360905e+00
0.1775	3.328396e+00
0.18	3.295647e+00
0.1825	3.262679e+00
0.185	3.229481e+00
0.1875	3.196062e+00
0.19	3.162421e+00
0.1925	3.128605e+00
0.195	3.094587e+00
0.1975	3.060388e+00
0.2	3.026019e+00
0.2025	2.991493e+00
0.205	2.956825e+00
0.2075	2.921997e+00
0.21	2.887028e+00
0.2125	2.851945e+00
0.215	2.816752e+00
0.2175	2.781438e+00
0.22	2.746013e+00
0.2225	2.710527e+00
0.225	2.674951e+00
0.2275	2.639293e+00
0.23	2.603575e+00
0.2325	2.567820e+00
0.235	2.532025e+00
0.2375	2.496188e+00
0.24	2.460321e+00
0.2425	2.424463e+00
0.245	2.388594e+00
0.2475	2.352725e+00
0.25	2.316864e+00
0.2525	2.281064e+00
0.255	2.245293e+00
0.2575	2.209562e+00
0.26	2.173870e+00
0.2625	2.138305e+00
0.265	2.102800e+00
0.2675	2.067375e+00
0.27	2.032030e+00
0.2725	1.997059e+00
0.275	1.962192e+00
0.2775	1.927440e+00
0.28	1.892814e+00
0.2825	1.857891e+00
0.285	1.823107e+00
0.2875	1.788473e+00
0.29	1.753988e+00
0.2925	1.719699e+00
0.295	1.685568e+00
0.2975	1.651628e+00
0.3	1.617886e+00
0.3025	1.584375e+00
0.305	1.551074e+00
0.3075	1.517992e+00
0.31	1.485140e+00
0.3125	1.452535e+00
0.315	1.420180e+00
0.3175	1.388075e+00
0.32	1.356219e+00
0.3225	1.324662e+00
0.325	1.293365e+00
0.3275	1.262367e+00
0.33	1.231649e+00
0.3325	1.201251e+00
0.335	1.171163e+00
0.3375	1.141384e+00
0.34	1.111926e+00
0.3425	1.082819e+00
0.345	1.054041e+00
0.3475	1.025604e+00
0.35	9.975166e-01
0.3525	9.698072e-01
0.355	9.424578e-01
0.3575	9.154756e-01
0.36	8.888653e-01
0.3625	8.626599e-01
0.365	8.368387e-01
0.3675	8.114067e-01
0.37	7.863710e-01
0.3725	7.617630e-01
0.375	7.375605e-01
0.3775	7.137685e-01
0.38	6.903919e-01
0.3825	6.674646e-01
0.385	6.449610e-01
0.3875	6.228861e-01
0.39	6.012430e-01
0.3925	5.800669e-01
0.395	5.593308e-01
0.3975	5.390368e-01
0.4	5.191889e-01
0.4025	4.998240e-01
0.405	4.809095e-01
0.4075	4.624496e-01
0.41	4.444440e-01
0.4125	4.269431e-01
0.415	4.099012e-01
0.4175	3.933204e-01
0.42	3.771997e-01
0.4225	3.615524e-01
0.425	3.463674e-01
0.4275	3.316446e-01
0.43	3.173830e-01
0.4325	3.036239e-01
0.435	2.903267e-01
0.4375	2.774893e-01
0.44	2.651097e-01
0.4425	2.532315e-01
0.445	2.418087e-01
0.4475	2.308395e-01
0.45	2.203208e-01
0.4525	2.102969e-01
0.455	2.007184e-01
0.4575	1.915802e-01
0.46	1.828793e-01
0.4625	1.746634e-01
0.465	1.668759e-01
0.4675	1.595119e-01
0.47	1.525662e-01
0.4725	1.460892e-01
0.475	1.400194e-01
0.4775	1.343498e-01
0.48	1.290735e-01
0.4825	1.242453e-01
0.485	1.197963e-01
0.4875	1.157181e-01
0.49	1.120021e-01
0.4925	1.087078e-01
0.495	1.057586e-01
0.4975	1.031444e-01
0.5	1.008548e-01
0.5025	9.911336e-02
0.505	9.768146e-02
0.5075	9.654723e-02
0.51	9.569862e-02
0.5125	9.520769e-02
0.515	9.497889e-02
0.5175	9.499870e-02
0.52	9.525308e-02
0.5225	9.582199e-02
0.525	9.659854e-02
0.5275	9.756724e-02
0.53	9.871207e-02
0.5325	1.001225e-01
0.535	1.016786e-01
0.5375	1.033628e-01
0.54	1.051570e-01
0.55	1.135561e-01
0.56	1.231652e-01
0.57	1.340594e-01
0.58	1.464580e-01
0.59	1.606279e-01
0.6	1.768957e-01
0.61	1.956637e-01
0.62	2.174312e-01
0.63	2.433010e-01
0.64	2.741105e-01
0.65	3.098919e-01
0.66	3.525321e-01
0.67	4.037524e-01
0.68	4.658275e-01
0.69	5.418605e-01
0.7	6.362924e-01
0.701	6.475298e-01
0.702	6.588831e-01
0.703	6.703519e-01
0.704	6.819351e-01
0.705	6.936319e-01
0.706	7.058528e-01
0.707	7.181984e-01
0.708	7.306680e-01
0.709	7.432607e-01
0.71	7.559755e-01
0.711	7.705511e-01
0.712	7.852983e-01
0.713	8.002162e-01
0.714	8.153037e-01
0.715	8.305593e-01
0.716	8.466222e-01
0.717	8.628728e-01
0.718	8.793098e-01
0.719	8.959319e-01
0.72	9.127377e-01
0.721	9.326748e-01
0.722	9.528883e-01
0.723	9.733762e-01
0.724	9.941365e-01
0.725	1.015167e+00
0.726	1.037633e+00
0.727	1.060408e+00
0.728	1.083489e+00
0.729	1.106878e+00
0.73	1.130568e+00
0.731	1.160394e+00
0.732	1.190732e+00
0.733	1.221581e+00
0.734	1.252935e+00
0.735	1.284792e+00
0.736	1.319705e+00
0.737	1.355218e+00
0.738	1.391327e+00
0.739	1.428029e+00
0.74	1.465318e+00
0.741	1.517420e+00
0.742	1.570736e+00
0.743	1.625258e+00
0.744	1.680975e+00
0.745	1.737878e+00
0.746	1.803010e+00
0.747	1.869665e+00
0.748	1.937832e+00
0.749	2.007499e+00
0.75	2.078654e+00
0.751	2.193553e+00
0.752	2.312573e+00
0.753	2.435679e+00
0.754	2.562842e+00
0.755	2.694033e+00
0.756	2.855423e+00
0.757	3.022597e+00
0.758	3.195510e+00
0.759	3.374120e+00
0.76	3.558382e+00
0.761	3.941083e+00
0.762	4.348432e+00
0.763	4.780245e+00
0.764	5.236346e+00
0.765	5.716551e+00
0.766	6.381185e+00
0.767	7.088295e+00
0.768	7.837569e+00
0.769	8.628701e+00
0.77	9.461379e+00
0.771	1.158452e+01
0.772	1.414526e+01
0.773	1.714049e+01
0.774	2.056708e+01
0.775	2.442196e+01
0.776	3.024665e+01
0.777	3.723792e+01
0.778	4.538745e+01
0.779	5.468698e+01
0.78	6.512829e+01
0.781	5.494753e+01
0.782	4.742936e+01
0.783	4.255538e+01
0.784	4.030706e+01
0.785	4.066613e+01
0.786	3.468366e+01
0.787	3.032444e+01
0.788	2.757716e+01
0.789	2.643063e+01
0.79	2.687366e+01
0.791	2.390085e+01
0.792	2.113625e+01
0.793	1.857840e+01
0.794	1.622592e+01
0.795	1.407738e+01
0.796	1.258290e+01
0.797	1.119143e+01
0.798	9.902281e+00
0.799	8.714759e+00
0.8	7.628166e+00
0.801	7.178840e+00
0.802	6.745945e+00
0.803	6.329371e+00
0.804	5.929009e+00
0.805	5.544754e+00
0.806	5.232789e+00
0.807	4.932024e+00
0.808	4.642385e+00
0.809	4.363798e+00
0.81	4.096193e+00
0.811	3.950327e+00
0.812	3.807893e+00
0.813	3.668871e+00
0.814	3.533237e+00
0.815	3.400969e+00
0.816	3.284182e+00
0.817	3.170106e+00
0.818	3.058724e+00
0.819	2.950017e+00
0.82	2.843970e+00
0.821	2.775982e+00
0.822	2.709152e+00
0.823	2.643479e+00
0.824	2.578950e+00
0.825	2.515561e+00
0.826	2.456823e+00
0.827	2.399078e+00
0.828	2.342320e+00
0.829	2.286544e+00
0.83	2.231743e+00
0.831	2.193099e+00
0.832	2.154972e+00
0.833	2.117358e+00
0.834	2.080255e+00
0.835	2.043662e+00
0.836	2.008728e+00
0.837	1.974260e+00
0.838	1.940254e+00
0.839	1.906709e+00
0.84	1.873622e+00
0.845	1.753599e+00
0.85	1.641915e+00
0.855	1.561229e+00
0.86	1.484626e+00
0.865	1.430051e+00
0.87	1.377420e+00
0.875	1.342254e+00
0.88	1.307869e+00
0.885	1.288753e+00
0.89	1.269802e+00
0.895	1.265419e+00
0.9	1.260952e+00
0.905	1.271575e+00
0.91	1.282206e+00
0.915	1.309762e+00
0.92	1.337840e+00
0.925	1.386442e+00
0.93	1.436724e+00
0.935	1.513936e+00
0.94	1.595177e+00
0.945	1.148564e+00
0.95	1.843082e+00
0.955	2.031042e+00
0.96	2.237769e+00
0.965	1.735491e+00
0.97	2.899060e+00
0.975	3.453489e+00
0.98	4.111937e+00
0.985	5.251667e+00
0.99	6.701745e+00
0.995	9.689215e+00
1	1.398683e+01
1.001	1.626799e+01
1.002	1.872156e+01
1.003	2.134651e+01
1.004	2.414178e+01
1.005	2.710632e+01
1.006	3.149199e+01
1.007	3.620674e+01
1.008	4.124855e+01
1.009	4.661541e+01
1.01	5.230530e+01
1.011	6.351351e+01
1.012	8.210954e+01
1.013	1.080469e+02
1.014	1.412794e+02
1.015	1.817609e+02
1.016	2.161992e+02
1.017	2.871902e+02
1.018	3.945098e+02
1.019	5.379353e+02
1.02	7.172446e+02
1.021	5.559254e+02
1.022	4.203609e+02
1.023	3.103919e+02
1.024	2.258601e+02
1.025	1.666076e+02
1.026	1.301152e+02
1.027	9.903064e+01
1.028	7.332079e+01
1.029	5.295273e+01
1.03	3.789375e+01
1.031	3.367919e+01
1.032	2.972372e+01
1.033	2.602584e+01
1.034	2.258405e+01
1.035	1.939686e+01
1.036	1.724593e+01
1.037	1.522683e+01
1.038	1.333882e+01
1.039	1.158112e+01
1.04	9.952976e+00
1.041	9.227369e+00
1.042	8.530736e+00
1.043	7.862913e+00
1.044	7.223733e+00
1.045	6.613035e+00
1.046	6.133066e+00
1.047	5.672182e+00
1.048	5.230275e+00
1.049	4.807236e+00
1.05	4.402957e+00
1.055	3.285125e+00
1.06	2.454757e+00
1.065	1.958053e+00
1.07	1.563581e+00
1.075	1.303623e+00
1.08	1.087789e+00
1.085	9.364278e-01
1.09	8.066415e-01
1.095	7.116777e-01
1.1	6.282156e-01
1.105	5.652884e-01
1.11	5.088915e-01
1.115	4.654472e-01
1.12	4.258903e-01
1.125	3.939013e-01
1.13	3.642504e-01
1.135	3.421223e-01
1.14	3.215081e-01
1.145	3.054219e-01
1.15	2.903106e-01
1.155	2.783523e-01
1.16	2.670635e-01
1.165	2.581463e-01
1.17	2.497107e-01
1.175	2.430755e-01
1.18	2.368068e-01
1.185	2.318985e-01
1.19	2.272887e-01
1.195	2.236773e-01
1.2	2.203266e-01
1.205	2.176536e-01
1.21	2.152240e-01
1.215	2.131632e-01
1.22	2.113420e-01
1.225	2.095664e-01
1.23	2.080389e-01
1.235	2.061888e-01
1.24	2.046078e-01
1.245	2.022409e-01
1.25	2.001887e-01
1.255	1.966691e-01
1.26	1.935666e-01
1.265	1.860972e-01
1.27	1.793762e-01
1.275	1.742096e-01
1.28	1.699174e-01
1.285	1.705506e-01
1.29	1.712663e-01
1.295	1.723404e-01
1.3	1.734495e-01
1.305	1.737487e-01
1.31	1.740649e-01
1.315	1.734720e-01
1.32	1.728854e-01
1.325	1.711549e-01
1.33	1.694210e-01
1.335	1.587431e-01
1.34	1.486508e-01
1.345	1.428546e-01
1.35	1.372887e-01
1.355	1.368574e-01
1.36	1.364074e-01
1.365	1.364833e-01
1.37	1.365232e-01
1.375	1.366578e-01
1.38	1.367474e-01
1.385	1.366934e-01
1.39	1.365877e-01
1.395	1.361609e-01
1.4	1.356794e-01
1.405	1.347302e-01
1.41	1.337312e-01
1.415	1.321446e-01
1.42	1.305247e-01
1.425	1.265502e-01
1.43	1.196212e-01
1.435	1.237256e-01
1.44	1.281067e-01
1.445	1.343300e-01
1.45	1.409469e-01
1.455	1.475926e-01
1.46	1.546247e-01
1.465	1.616120e-01
1.47	1.689712e-01
1.475	1.762477e-01
1.48	1.838788e-01
1.485	1.914325e-01
1.49	1.993255e-01
1.495	2.071945e-01
1.5	2.154452e-01
1.51	2.323324e-01
1.52	2.503581e-01
1.53	2.699545e-01
1.54	2.915405e-01
1.55	3.204870e-01
1.56	3.544634e-01
1.57	3.944983e-01
1.58	4.414485e-01
1.59	5.027283e-01
1.6	6.245767e-01
1.61	7.616557e-01
1.62	9.057456e-01
1.63	1.041815e+00
1.64	1.148674e+00
1.65	1.203896e+00
1.66	1.192655e+00
1.67	1.115468e+00
1.68	1.040987e+00
1.69	9.711785e-01
1.7	8.665675e-01
1.71	7.933090e-01
1.72	6.746432e-01
1.73	5.766796e-01
1.74	4.731291e-01
1.75	3.764470e-01
1.76	2.923788e-01
1.77	2.228408e-01
1.78	1.673938e-01
1.79	1.243997e-01
1.8	9.177314e-02
1.81	6.737172e-02
1.82	4.942875e-02
1.83	3.630463e-02
1.84	2.674151e-02
1.85	1.976277e-02
1.86	1.459493e-02
1.87	1.404853e-02
1.88	1.272836e-02
1.89	1.128802e-02
1.9	9.987127e-03
1.91	8.855992e-03
1.92	7.887679e-03
1.93	7.066730e-03
1.94	6.376446e-03
1.95	5.797359e-03
1.96	5.205429e-03
1.97	4.832714e-03
1.98	4.525930e-03
1.99	4.244180e-03
2	3.708213e-03
2.01	3.242179e-03
2.02	2.836674e-03
2.03	2.483474e-03
2.04	2.176178e-03
2.05	1.908246e-03
2.06	1.674499e-03
2.07	1.470445e-03
2.08	1.292189e-03
2.09	1.136380e-03
2.1	1.000101e-03
2.11	8.808334e-04
2.12	7.763841e-04
2.13	6.848561e-04
2.14	6.045918e-04
2.15	5.341536e-04
2.16	4.723764e-04
2.17	4.180994e-04
2.18	3.703871e-04
2.19	3.284180e-04
2.2	2.914761e-04
2.25	1.629725e-04
2.3	9.384160e-05
2.35	5.602209e-05
2.4	3.493422e-05
2.45	2.293507e-05
2.5	1.593082e-05
2.55	1.169286e-05
2.6	9.047797e-06
2.65	7.325473e-06
2.7	6.150355e-06
2.75	5.308424e-06
2.8	4.675470e-06
2.85	4.178471e-06
2.9	3.773558e-06
2.95	3.433664e-06
3	3.141722e-06
3.05	2.877687e-06
3.1	2.644179e-06
3.15	2.435789e-06
3.2	2.248558e-06
3.25	2.079476e-06
3.3	1.926175e-06
3.35	1.786744e-06
3.4	1.659599e-06
3.45	1.543404e-06
3.5	1.437014e-06
3.55	1.334060e-06
3.6	1.239864e-06
3.65	1.153555e-06
3.7	1.074364e-06
3.75	1.001610e-06
3.8	9.346880e-07
3.85	8.730573e-07
3.9	8.162350e-07
3.95	7.637881e-07
4	7.153283e-07
4.05	6.685578e-07
4.1	6.253669e-07
4.15	5.854427e-07
4.2	5.485028e-07
4.25	5.142921e-07
4.3	4.825802e-07
4.35	4.531586e-07
4.4	4.258381e-07
4.45	4.004473e-07
4.5	3.768302e-07
4.55	3.536945e-07
4.6	3.322107e-07
4.65	3.122446e-07
4.7	2.936743e-07
4.75	2.763888e-07
4.8	2.602870e-07
4.85	2.452767e-07
4.9	2.312737e-07
4.95	2.182011e-07
5	2.059885e-07
