0.1	2.079268e-02
0.105	2.085710e-02
0.115	2.098295e-02
0.12	2.104454e-02
0.14	2.136207e-02
0.16	2.176279e-02
0.18	2.226848e-02
0.2	2.290763e-02
0.22	2.372127e-02
0.24	2.477802e-02
0.26	2.623058e-02
0.28	2.925432e-02
0.3	3.038423e-02
0.32	3.172025e-02
0.34	3.329906e-02
0.36	3.516672e-02
0.38	3.738238e-02
0.4	4.002702e-02
0.42	4.325622e-02
0.44	4.698241e-02
0.46	5.148283e-02
0.48	5.696117e-02
0.5	6.369408e-02
0.52	7.206130e-02
0.54	8.259278e-02
0.56	9.604265e-02
0.58	1.135057e-01
0.6	1.366074e-01
0.62	1.678184e-01
0.64	2.122735e-01
0.66	2.747435e-01
0.68	3.665229e-01
0.7	5.069496e-01
0.72	7.387121e-01
0.74	1.211292e+00
0.745	1.447260e+00
0.755	2.286169e+00
0.76	3.047558e+00
0.765	4.943828e+00
0.77	8.230897e+00
0.775	2.135568e+01
0.778	3.973760e+01
0.78	5.703852e+01
0.782	4.153081e+01
0.786	3.034246e+01
0.795	1.225809e+01
0.8	6.612632e+00
0.82	2.434140e+00
0.84	1.592983e+00
0.86	1.258954e+00
0.88	1.109036e+00
0.9	1.071137e+00
0.92	1.139807e+00
0.94	1.363874e+00
0.96	1.920102e+00
0.98	3.538920e+00
1.0	1.206289e+01
1.005	2.338882e+01
1.012	7.108633e+01
1.018	3.438793e+02
1.02	6.247458e+02
1.022	3.658007e+02
1.025	1.443661e+02
1.032	2.565356e+01
1.04	8.585672e+00
1.045	5.703016e+00
1.06	2.114724e+00
1.08	9.356452e-01
1.1	5.394845e-01
1.12	3.651715e-01
1.14	2.752921e-01
1.16	2.283079e-01
1.18	2.020859e-01
1.2	1.876504e-01
1.22	1.795967e-01
1.24	1.734356e-01
1.26	1.635781e-01
1.28	1.429620e-01
1.3	1.456717e-01
1.32	1.450087e-01
1.34	1.247180e-01
1.36	1.143952e-01
1.38	1.145239e-01
1.4	1.134872e-01
1.42	1.090705e-01
1.44	1.071149e-01
1.46	1.288080e-01
1.48	1.526770e-01
1.5	1.783435e-01
1.52	2.067686e-01
1.54	2.403310e-01
1.56	2.917078e-01
1.58	3.627674e-01
1.6	5.126003e-01
1.62	7.421701e-01
1.64	9.401990e-01
1.66	9.757710e-01
1.68	8.515437e-01
1.7	7.084220e-01
1.72	5.512658e-01
1.74	3.866401e-01
1.76	2.389790e-01
1.78	1.368198e-01
1.8	7.500356e-02
1.82	4.039399e-02
1.84	2.185097e-02
1.86	1.192273e-02
1.88	1.032849e-02
1.9	8.096121e-03
1.92	6.391636e-03
1.94	5.167423e-03
1.96	4.223442e-03
1.98	3.675562e-03
2.0	3.008911e-03
2.02	2.295406e-03
2.04	1.755600e-03
2.06	1.346249e-03
2.08	1.034797e-03
2.1	7.972625e-04
2.12	6.156614e-04
2.14	4.764712e-04
2.16	3.696167e-04
2.18	2.873778e-04
2.2	2.239107e-04
