0.005	2.029980e+02
0.0075	2.019760e+02
0.01	2.005510e+02
0.0125	1.987290e+02
0.015	1.965170e+02
0.0175	1.939250e+02
0.02	1.909673e+02
0.0225	1.876483e+02
0.025	1.839853e+02
0.0275	1.799943e+02
0.03	1.756903e+02
0.0325	1.710933e+02
0.035	1.662213e+02
0.0375	1.610953e+02
0.04	1.557363e+02
0.0425	1.501662e+02
0.045	1.444102e+02
0.0475	1.384922e+02
0.05	1.324362e+02
0.0525	1.262682e+02
0.055	1.200152e+02
0.0575	1.137042e+02
0.06	1.073612e+02
0.0625	1.010142e+02
0.065	9.468931e+01
0.0675	8.841430e+01
0.07	8.221570e+01
0.0725	7.611989e+01
0.075	7.015258e+01
0.0775	6.433887e+01
0.08	5.870267e+01
0.0825	5.326716e+01
0.085	4.805395e+01
0.0875	4.308335e+01
0.09	3.837384e+01
0.0925	3.394223e+01
0.095	2.980312e+01
0.0975	2.596891e+01
0.1	2.244951e+01
0.1025	1.925210e+01
0.105	1.638090e+01
0.1075	1.383700e+01
0.11	1.161790e+01
0.1125	9.717676e+00
0.115	8.126314e+00
0.1175	6.829682e+00
0.12	5.809231e+00
0.1225	5.041648e+00
0.125	4.498695e+00
0.1275	4.146823e+00
0.13	3.946951e+00
0.1325	3.854159e+00
0.135	3.817376e+00
0.1375	3.789784e+00
0.14	3.761832e+00
0.1425	3.733520e+00
0.145	3.704848e+00
0.1475	3.675826e+00
0.15	3.646464e+00
0.1525	3.616772e+00
0.155	3.586760e+00
0.1575	3.556419e+00
0.16	3.525777e+00
0.1625	3.494836e+00
0.165	3.463594e+00
0.1675	3.432073e+00
0.17	3.400272e+00
0.1725	3.368201e+00
0.175	3.335870e+00
0.1775	3.303279e+00
0.18	3.270448e+00
0.1825	3.237387e+00
0.185	3.204097e+00
0.1875	3.170586e+00
0.19	3.136856e+00
0.1925	3.102936e+00
0.195	3.068815e+00
0.1975	3.034515e+00
0.2	3.000045e+00
0.2025	2.965403e+00
0.205	2.930621e+00
0.2075	2.895680e+00
0.21	2.860598e+00
0.2125	2.825386e+00
0.215	2.790064e+00
0.2175	2.754622e+00
0.22	2.719071e+00
0.2225	2.683439e+00
0.225	2.647717e+00
0.2275	2.611916e+00
0.23	2.576054e+00
0.2325	2.540133e+00
0.235	2.504171e+00
0.2375	2.468169e+00
0.24	2.432138e+00
0.2425	2.396086e+00
0.245	2.360025e+00
0.2475	2.323963e+00
0.25	2.287912e+00
0.2525	2.251880e+00
0.255	2.215879e+00
0.2575	2.179918e+00
0.26	2.143996e+00
0.2625	2.108135e+00
0.265	2.072333e+00
0.2675	2.036612e+00
0.27	2.000971e+00
0.2725	1.965430e+00
0.275	1.929989e+00
0.2775	1.894659e+00
0.28	1.859448e+00
0.2825	1.824366e+00
0.285	1.789424e+00
0.2875	1.754632e+00
0.29	1.719990e+00
0.2925	1.685529e+00
0.295	1.651227e+00
0.2975	1.617115e+00
0.3	1.583203e+00
0.3025	1.549505e+00
0.305	1.516017e+00
0.3075	1.482750e+00
0.31	1.449712e+00
0.3125	1.416905e+00
0.315	1.384347e+00
0.3175	1.352040e+00
0.32	1.319983e+00
0.3225	1.288206e+00
0.325	1.256689e+00
0.3275	1.225472e+00
0.33	1.194535e+00
0.3325	1.163898e+00
0.335	1.133572e+00
0.3375	1.103555e+00
0.34	1.073859e+00
0.3425	1.044492e+00
0.345	1.015456e+00
0.3475	9.867598e-01
0.35	9.584136e-01
0.3525	9.304226e-01
0.355	9.027916e-01
0.3575	8.755277e-01
0.36	8.486359e-01
0.3625	8.221242e-01
0.365	7.959965e-01
0.3675	7.702579e-01
0.37	7.449154e-01
0.3725	7.199739e-01
0.375	6.954376e-01
0.3775	6.713113e-01
0.38	6.476000e-01
0.3825	6.243089e-01
0.385	6.014408e-01
0.3875	5.790008e-01
0.39	5.569919e-01
0.3925	5.354180e-01
0.395	5.142832e-01
0.3975	4.935895e-01
0.4	4.733408e-01
0.4025	4.535392e-01
0.405	4.341867e-01
0.4075	4.152873e-01
0.41	3.968409e-01
0.4125	3.788496e-01
0.415	3.613154e-01
0.4175	3.442402e-01
0.42	3.276231e-01
0.4225	3.114661e-01
0.425	2.957691e-01
0.4275	2.805321e-01
0.43	2.657542e-01
0.4325	2.514364e-01
0.435	2.375777e-01
0.4375	2.241760e-01
0.44	2.112294e-01
0.4425	1.987378e-01
0.445	1.866984e-01
0.4475	1.751089e-01
0.45	1.639666e-01
0.4525	1.532683e-01
0.455	1.430111e-01
0.4575	1.331899e-01
0.46	1.238018e-01
0.4625	1.148428e-01
0.465	1.063068e-01
0.4675	9.818908e-02
0.47	9.048441e-02
0.4725	8.318667e-02
0.475	7.628967e-02
0.4775	6.978641e-02
0.48	6.366999e-02
0.4825	5.793301e-02
0.485	5.256738e-02
0.4875	4.756478e-02
0.49	4.291643e-02
0.4925	3.861332e-02
0.495	3.464585e-02
0.4975	3.100372e-02
0.5	2.767673e-02
0.5025	2.481217e-02
0.505	2.224567e-02
0.5075	1.996524e-02
0.51	1.795879e-02
0.5125	1.621381e-02
0.515	1.471698e-02
0.5175	1.345470e-02
0.52	1.241286e-02
0.5225	1.157695e-02
0.525	1.093173e-02
0.5275	1.046161e-02
0.53	1.015043e-02
0.5325	9.981671e-03
0.535	9.938028e-03
0.5375	1.000178e-02
0.54	1.015468e-02
0.55	1.127619e-02
0.56	1.262926e-02
0.57	1.411760e-02
0.58	1.575202e-02
0.59	1.754402e-02
0.6	1.950580e-02
0.61	2.165031e-02
0.62	2.399125e-02
0.63	2.654214e-02
0.64	2.932012e-02
0.65	3.233981e-02
0.66	3.562003e-02
0.67	3.917840e-02
0.68	4.303434e-02
0.69	4.720856e-02
0.7	5.172330e-02
0.701	5.219476e-02
0.702	5.266980e-02
0.703	5.314845e-02
0.704	5.363072e-02
0.705	5.411664e-02
0.706	5.460646e-02
0.707	5.509997e-02
0.708	5.559721e-02
0.709	5.609818e-02
0.71	5.660291e-02
0.711	5.711247e-02
0.712	5.762586e-02
0.713	5.814310e-02
0.714	5.866420e-02
0.715	5.918920e-02
0.716	5.971847e-02
0.717	6.025168e-02
0.718	6.078887e-02
0.719	6.133004e-02
0.72	6.187523e-02
0.721	6.242614e-02
0.722	6.298115e-02
0.723	6.354028e-02
0.724	6.410356e-02
0.725	6.467100e-02
0.726	6.524327e-02
0.727	6.581977e-02
0.728	6.640052e-02
0.729	6.698555e-02
0.73	6.757489e-02
0.731	6.817195e-02
0.732	6.877346e-02
0.733	6.937943e-02
0.734	6.998988e-02
0.735	7.060484e-02
0.736	7.122577e-02
0.737	7.185129e-02
0.738	7.248143e-02
0.739	7.311621e-02
0.74	7.375566e-02
0.741	7.440797e-02
0.742	7.506530e-02
0.743	7.572764e-02
0.744	7.639504e-02
0.745	7.706750e-02
0.746	7.774904e-02
0.747	7.843586e-02
0.748	7.912797e-02
0.749	7.982539e-02
0.75	8.052814e-02
0.751	7.978285e-02
0.752	7.904874e-02
0.753	7.832564e-02
0.754	7.761343e-02
0.755	7.691195e-02
0.756	7.623566e-02
0.757	7.557077e-02
0.758	7.491713e-02
0.759	7.427459e-02
0.76	7.364301e-02
0.761	7.312526e-02
0.762	7.262827e-02
0.763	7.215178e-02
0.764	7.169549e-02
0.765	7.125915e-02
0.766	7.092890e-02
0.767	7.062805e-02
0.768	7.035621e-02
0.769	7.011298e-02
0.77	6.989797e-02
0.771	7.036546e-02
0.772	7.107039e-02
0.773	7.200963e-02
0.774	7.318005e-02
0.775	7.457859e-02
0.776	7.706961e-02
0.777	8.017685e-02
0.778	8.389216e-02
0.779	8.820755e-02
0.78	9.311505e-02
0.781	8.677049e-02
0.782	8.201026e-02
0.783	7.881426e-02
0.784	7.716261e-02
0.785	7.703563e-02
0.786	7.330359e-02
0.787	7.052012e-02
0.788	6.867323e-02
0.789	6.775103e-02
0.79	6.774175e-02
0.791	6.564287e-02
0.792	6.366332e-02
0.793	6.180162e-02
0.794	6.005633e-02
0.795	5.842603e-02
0.796	5.714351e-02
0.797	5.592204e-02
0.798	5.476086e-02
0.799	5.365925e-02
0.8	5.261648e-02
0.801	5.190903e-02
0.802	5.121588e-02
0.803	5.053685e-02
0.804	4.987179e-02
0.805	4.922053e-02
0.806	4.861297e-02
0.807	4.801637e-02
0.808	4.743059e-02
0.809	4.685552e-02
0.81	4.629102e-02
0.811	4.579556e-02
0.812	4.530649e-02
0.813	4.482376e-02
0.814	4.434728e-02
0.815	4.387698e-02
0.816	4.341930e-02
0.817	4.296732e-02
0.818	4.252099e-02
0.819	4.208025e-02
0.82	4.164502e-02
0.821	4.123406e-02
0.822	4.082771e-02
0.823	4.042591e-02
0.824	4.002862e-02
0.825	3.963578e-02
0.826	3.924918e-02
0.827	3.886686e-02
0.828	3.848878e-02
0.829	3.811489e-02
0.83	3.774513e-02
0.831	3.738748e-02
0.832	3.703363e-02
0.833	3.668354e-02
0.834	3.633717e-02
0.835	3.599447e-02
0.836	3.565598e-02
0.837	3.532107e-02
0.838	3.498969e-02
0.839	3.466180e-02
0.84	3.433736e-02
0.845	3.278575e-02
0.85	3.131321e-02
0.855	2.992729e-02
0.86	2.861004e-02
0.865	2.736699e-02
0.87	2.618433e-02
0.875	2.506665e-02
0.88	2.400246e-02
0.885	2.299612e-02
0.89	2.203734e-02
0.895	2.113068e-02
0.9	2.026648e-02
0.905	1.944984e-02
0.91	1.867126e-02
0.915	1.793680e-02
0.92	1.723667e-02
0.925	1.657842e-02
0.93	1.595146e-02
0.935	1.536575e-02
0.94	1.480910e-02
0.945	1.429549e-02
0.95	1.380998e-02
0.955	1.290035e-02
0.96	1.296679e-02
0.965	1.205854e-02
0.97	1.231840e-02
0.975	1.211535e-02
0.98	1.197066e-02
0.985	1.203940e-02
0.99	1.224507e-02
0.995	1.308453e-02
1	1.444857e-02
1.001	1.522610e-02
1.002	1.607148e-02
1.003	1.698397e-02
1.004	1.796284e-02
1.005	1.900734e-02
1.006	2.061118e-02
1.007	2.234087e-02
1.008	2.419504e-02
1.009	2.617235e-02
1.01	2.827144e-02
1.011	3.189547e-02
1.012	3.796187e-02
1.013	4.644446e-02
1.014	5.731730e-02
1.015	7.055466e-02
1.016	7.892724e-02
1.017	1.007581e-01
1.018	1.359066e-01
1.019	1.842333e-01
1.02	2.456001e-01
1.021	1.927674e-01
1.022	1.484609e-01
1.023	1.125920e-01
1.024	8.507281e-02
1.025	6.581592e-02
1.026	5.289177e-02
1.027	4.183558e-02
1.028	3.262818e-02
1.029	2.525053e-02
1.03	1.968376e-02
1.031	1.799078e-02
1.032	1.640303e-02
1.033	1.491944e-02
1.034	1.353901e-02
1.035	1.226071e-02
1.036	1.138141e-02
1.037	1.055494e-02
1.038	9.780769e-03
1.039	9.058384e-03
1.04	8.387272e-03
1.041	8.044443e-03
1.042	7.714575e-03
1.043	7.397540e-03
1.044	7.093209e-03
1.045	6.801453e-03
1.046	6.561074e-03
1.047	6.329286e-03
1.048	6.106004e-03
1.049	5.891138e-03
1.05	5.684604e-03
1.055	4.986633e-03
1.06	4.423223e-03
1.065	3.997402e-03
1.07	3.629860e-03
1.075	3.326464e-03
1.08	3.055453e-03
1.085	2.820202e-03
1.09	2.606398e-03
1.095	2.415589e-03
1.1	2.240486e-03
1.105	2.082509e-03
1.11	1.936685e-03
1.115	1.804633e-03
1.12	1.682294e-03
1.125	1.570102e-03
1.13	1.465929e-03
1.135	1.369526e-03
1.14	1.279869e-03
1.145	1.197082e-03
1.15	1.119989e-03
1.155	1.048657e-03
1.16	9.821651e-04
1.165	9.205242e-04
1.17	8.630151e-04
1.175	8.096129e-04
1.18	7.597537e-04
1.185	7.133922e-04
1.19	6.700785e-04
1.195	6.297648e-04
1.2	5.920798e-04
1.205	5.569692e-04
1.21	5.241318e-04
1.215	4.935072e-04
1.22	4.648525e-04
1.225	4.380952e-04
1.23	4.130506e-04
1.235	3.896439e-04
1.24	3.677296e-04
1.245	3.472144e-04
1.25	3.280041e-04
1.255	3.174564e-04
1.26	3.073429e-04
1.265	2.974639e-04
1.27	2.880041e-04
1.275	2.789758e-04
1.28	2.703426e-04
1.285	2.625479e-04
1.29	2.550791e-04
1.295	2.480667e-04
1.3	2.413573e-04
1.305	2.355888e-04
1.31	2.300694e-04
1.315	2.238532e-04
1.32	2.179062e-04
1.325	2.120108e-04
1.33	2.063688e-04
1.335	1.973904e-04
1.34	1.890628e-04
1.345	1.805523e-04
1.35	1.728076e-04
1.355	1.662213e-04
1.36	1.599951e-04
1.365	1.543395e-04
1.37	1.489293e-04
1.375	1.442649e-04
1.38	1.395694e-04
1.385	1.344474e-04
1.39	1.295960e-04
1.395	1.249448e-04
1.4	1.205293e-04
1.405	1.163549e-04
1.41	1.123682e-04
1.415	1.086637e-04
1.42	1.051027e-04
1.425	1.020757e-04
1.43	9.913172e-05
1.435	9.565883e-05
1.44	9.211554e-05
1.445	8.871928e-05
1.45	8.564600e-05
1.455	8.259700e-05
1.46	7.994498e-05
1.465	7.762469e-05
1.47	7.521539e-05
1.475	7.300810e-05
1.48	7.074505e-05
1.485	6.861284e-05
1.49	6.654430e-05
1.495	6.475325e-05
1.5	1.163258e-04
1.51	1.115343e-04
1.52	1.071417e-04
1.53	1.028651e-04
1.54	9.904755e-05
1.55	9.582377e-05
1.56	9.332210e-05
1.57	9.154148e-05
1.58	9.068621e-05
1.59	9.097535e-05
1.6	9.269055e-05
1.61	9.706708e-05
1.62	1.002655e-04
1.63	1.047672e-04
1.64	1.086472e-04
1.65	1.133409e-04
1.66	1.182971e-04
1.67	1.225915e-04
1.68	1.250081e-04
1.69	1.125468e-04
1.7	1.045640e-04
1.71	9.366730e-05
1.72	8.322424e-05
1.73	7.384009e-05
1.74	6.620134e-05
1.75	6.005135e-05
1.76	5.514703e-05
1.77	5.121616e-05
1.78	4.804277e-05
1.79	4.544775e-05
1.8	4.328873e-05
1.81	4.145605e-05
1.82	3.986742e-05
1.83	3.838157e-05
1.84	3.713214e-05
1.85	3.598718e-05
1.86	3.492373e-05
1.87	3.395243e-05
1.88	3.304766e-05
1.89	3.215644e-05
1.9	3.130124e-05
1.91	3.047684e-05
1.92	2.968284e-05
1.93	2.891821e-05
1.94	2.818170e-05
1.95	2.746735e-05
1.96	2.678374e-05
1.97	2.612426e-05
1.98	2.548773e-05
1.99	2.487300e-05
2	2.427858e-05
2.01	2.368450e-05
2.02	2.310978e-05
2.03	2.255360e-05
2.04	2.201516e-05
2.05	2.149372e-05
2.06	2.098858e-05
2.07	2.049909e-05
2.08	2.002460e-05
2.09	1.956454e-05
2.1	1.911834e-05
2.11	1.868548e-05
2.12	1.826543e-05
2.13	1.785773e-05
2.14	1.746191e-05
2.15	1.707754e-05
2.16	1.670420e-05
2.17	1.634150e-05
2.18	1.598905e-05
2.19	1.564649e-05
2.2	1.531347e-05
2.25	1.378042e-05
2.3	1.244172e-05
2.35	1.126755e-05
2.4	1.023350e-05
2.45	9.319367e-06
2.5	8.508365e-06
2.55	7.756737e-06
2.6	7.086741e-06
2.65	6.487887e-06
2.7	5.951237e-06
2.75	5.469142e-06
2.8	5.035040e-06
2.85	4.643274e-06
2.9	4.288958e-06
2.95	3.967854e-06
3	3.676276e-06
3.05	3.399500e-06
3.1	3.147767e-06
3.15	2.918439e-06
3.2	2.709197e-06
3.25	2.517995e-06
3.3	2.343021e-06
3.35	2.182674e-06
3.4	2.035528e-06
3.45	1.900319e-06
3.5	1.775919e-06
3.55	1.654819e-06
3.6	1.543561e-06
3.65	1.441219e-06
3.7	1.346966e-06
3.75	1.260062e-06
3.8	1.179844e-06
3.85	1.105716e-06
3.9	1.037143e-06
3.95	9.736428e-07
4	9.147809e-07
4.05	8.576346e-07
4.1	8.046992e-07
4.15	7.556183e-07
4.2	7.100694e-07
4.25	6.677606e-07
4.3	6.284270e-07
4.35	5.918282e-07
4.4	5.577456e-07
4.45	5.259804e-07
4.5	4.963514e-07
4.55	4.672826e-07
4.6	4.402089e-07
4.65	4.149738e-07
4.7	3.914345e-07
4.75	3.694606e-07
4.8	3.489331e-07
4.85	3.297429e-07
4.9	3.117904e-07
4.95	2.949843e-07
5	2.792408e-07
