0.005	2.029980e+02
0.0075	2.019760e+02
0.01	2.005510e+02
0.0125	1.987290e+02
0.015	1.965170e+02
0.0175	1.939250e+02
0.02	1.909731e+02
0.0225	1.876541e+02
0.025	1.839911e+02
0.0275	1.800001e+02
0.03	1.756961e+02
0.0325	1.710991e+02
0.035	1.662271e+02
0.0375	1.611011e+02
0.04	1.557421e+02
0.0425	1.501721e+02
0.045	1.444161e+02
0.0475	1.384980e+02
0.05	1.324420e+02
0.0525	1.262740e+02
0.055	1.200210e+02
0.0575	1.137100e+02
0.06	1.073670e+02
0.0625	1.010200e+02
0.065	9.469511e+01
0.0675	8.842010e+01
0.07	8.222150e+01
0.0725	7.612569e+01
0.075	7.015838e+01
0.0775	6.434467e+01
0.08	5.870846e+01
0.0825	5.327295e+01
0.085	4.805974e+01
0.0875	4.308913e+01
0.09	3.837962e+01
0.0925	3.394801e+01
0.095	2.980890e+01
0.0975	2.597468e+01
0.1	2.245527e+01
0.1025	1.925786e+01
0.105	1.638666e+01
0.1075	1.384275e+01
0.11	1.162364e+01
0.1125	9.723415e+00
0.115	8.132046e+00
0.1175	6.835408e+00
0.12	5.814949e+00
0.1225	5.047359e+00
0.125	4.504399e+00
0.1275	4.152519e+00
0.13	3.952639e+00
0.1325	3.859838e+00
0.135	3.823047e+00
0.1375	3.795446e+00
0.14	3.767485e+00
0.1425	3.739163e+00
0.145	3.710481e+00
0.1475	3.681449e+00
0.15	3.652078e+00
0.1525	3.622375e+00
0.155	3.592353e+00
0.1575	3.562001e+00
0.16	3.531349e+00
0.1625	3.500396e+00
0.165	3.469144e+00
0.1675	3.437612e+00
0.17	3.405800e+00
0.1725	3.373718e+00
0.175	3.341376e+00
0.1775	3.308774e+00
0.18	3.275932e+00
0.1825	3.242861e+00
0.185	3.209559e+00
0.1875	3.176038e+00
0.19	3.142297e+00
0.1925	3.108366e+00
0.195	3.074236e+00
0.1975	3.039925e+00
0.2	3.005445e+00
0.2025	2.970794e+00
0.205	2.936003e+00
0.2075	2.901052e+00
0.21	2.865961e+00
0.2125	2.830741e+00
0.215	2.795411e+00
0.2175	2.759961e+00
0.22	2.724402e+00
0.2225	2.688764e+00
0.225	2.653036e+00
0.2275	2.617228e+00
0.23	2.581361e+00
0.2325	2.545436e+00
0.235	2.509470e+00
0.2375	2.473465e+00
0.24	2.437430e+00
0.2425	2.401378e+00
0.245	2.365316e+00
0.2475	2.329254e+00
0.25	2.293202e+00
0.2525	2.257175e+00
0.255	2.221179e+00
0.2575	2.185222e+00
0.26	2.149305e+00
0.2625	2.113457e+00
0.265	2.077668e+00
0.2675	2.041960e+00
0.27	2.006332e+00
0.2725	1.970842e+00
0.275	1.935452e+00
0.2775	1.900172e+00
0.28	1.865012e+00
0.2825	1.829922e+00
0.285	1.794972e+00
0.2875	1.760173e+00
0.29	1.725523e+00
0.2925	1.691056e+00
0.295	1.656748e+00
0.2975	1.622630e+00
0.3	1.588713e+00
0.3025	1.555011e+00
0.305	1.521519e+00
0.3075	1.488248e+00
0.31	1.455206e+00
0.3125	1.422397e+00
0.315	1.389838e+00
0.3175	1.357529e+00
0.32	1.325470e+00
0.3225	1.293694e+00
0.325	1.262177e+00
0.3275	1.230961e+00
0.33	1.200024e+00
0.3325	1.169390e+00
0.335	1.139067e+00
0.3375	1.109053e+00
0.34	1.079359e+00
0.3425	1.049998e+00
0.345	1.020967e+00
0.3475	9.922761e-01
0.35	9.639351e-01
0.3525	9.359521e-01
0.355	9.083291e-01
0.3575	8.810731e-01
0.36	8.541891e-01
0.3625	8.276882e-01
0.365	8.015713e-01
0.3675	7.758434e-01
0.37	7.505115e-01
0.3725	7.255839e-01
0.375	7.010614e-01
0.3775	6.769488e-01
0.38	6.532512e-01
0.3825	6.299771e-01
0.385	6.071261e-01
0.3875	5.847030e-01
0.39	5.627110e-01
0.3925	5.411578e-01
0.395	5.200436e-01
0.3975	4.993703e-01
0.4	4.791421e-01
0.4025	4.593652e-01
0.405	4.400373e-01
0.4075	4.211623e-01
0.41	4.027404e-01
0.4125	3.847795e-01
0.415	3.672756e-01
0.4175	3.502308e-01
0.42	3.336439e-01
0.4225	3.175179e-01
0.425	3.018519e-01
0.4275	2.866459e-01
0.43	2.718989e-01
0.4325	2.576167e-01
0.435	2.437935e-01
0.4375	2.304274e-01
0.44	2.175163e-01
0.4425	2.050653e-01
0.445	1.930663e-01
0.4475	1.815175e-01
0.45	1.704156e-01
0.4525	1.597633e-01
0.455	1.495520e-01
0.4575	1.397769e-01
0.46	1.304348e-01
0.4625	1.215277e-01
0.465	1.130436e-01
0.4675	1.049780e-01
0.47	9.732552e-02
0.4725	9.008620e-02
0.475	8.324781e-02
0.4775	7.680335e-02
0.48	7.074591e-02
0.4825	6.507469e-02
0.485	5.977509e-02
0.4875	5.483879e-02
0.49	5.025699e-02
0.4925	4.602787e-02
0.495	4.213475e-02
0.4975	3.856734e-02
0.5	3.531543e-02
0.5025	3.253411e-02
0.505	3.005133e-02
0.5075	2.785511e-02
0.51	2.593336e-02
0.5125	2.428209e-02
0.515	2.287960e-02
0.5175	2.171230e-02
0.52	2.076606e-02
0.5225	2.003575e-02
0.525	1.949695e-02
0.5275	1.913407e-02
0.53	1.893096e-02
0.5325	1.888140e-02
0.535	1.895799e-02
0.5375	1.914304e-02
0.54	1.941829e-02
0.55	2.108702e-02
0.56	2.306152e-02
0.57	2.525753e-02
0.58	2.770048e-02
0.59	3.041957e-02
0.6	3.344859e-02
0.61	3.682689e-02
0.62	4.060072e-02
0.63	4.482480e-02
0.64	4.956452e-02
0.65	5.489879e-02
0.66	6.092355e-02
0.67	6.775742e-02
0.68	7.554981e-02
0.69	8.449522e-02
0.7	9.486205e-02
0.701	9.601229e-02
0.702	9.717094e-02
0.703	9.833796e-02
0.704	9.951330e-02
0.705	1.006969e-01
0.706	1.019499e-01
0.707	1.032124e-01
0.708	1.044845e-01
0.709	1.057660e-01
0.71	1.070568e-01
0.711	1.084315e-01
0.712	1.098172e-01
0.713	1.112139e-01
0.714	1.126215e-01
0.715	1.140399e-01
0.716	1.155630e-01
0.717	1.170991e-01
0.718	1.186481e-01
0.719	1.202100e-01
0.72	1.217847e-01
0.721	1.234954e-01
0.722	1.252219e-01
0.723	1.269641e-01
0.724	1.287219e-01
0.725	1.304952e-01
0.726	1.324533e-01
0.727	1.344314e-01
0.728	1.364294e-01
0.729	1.384470e-01
0.73	1.404841e-01
0.731	1.427849e-01
0.732	1.451124e-01
0.733	1.474662e-01
0.734	1.498461e-01
0.735	1.522518e-01
0.736	1.550530e-01
0.737	1.578921e-01
0.738	1.607688e-01
0.739	1.636824e-01
0.74	1.666328e-01
0.741	1.702082e-01
0.742	1.738422e-01
0.743	1.775343e-01
0.744	1.812836e-01
0.745	1.850895e-01
0.746	1.899408e-01
0.747	1.948922e-01
0.748	1.999427e-01
0.749	2.050908e-01
0.75	2.103355e-01
0.751	2.159712e-01
0.752	2.218024e-01
0.753	2.278268e-01
0.754	2.340420e-01
0.755	2.404454e-01
0.756	2.504856e-01
0.757	2.609447e-01
0.758	2.718177e-01
0.759	2.830996e-01
0.76	2.947855e-01
0.761	3.143878e-01
0.762	3.350518e-01
0.763	3.567651e-01
0.764	3.795152e-01
0.765	4.032901e-01
0.766	4.472880e-01
0.767	4.946601e-01
0.768	5.453681e-01
0.769	5.993737e-01
0.77	6.566392e-01
0.771	7.771822e-01
0.772	9.129151e-01
0.773	1.063669e+00
0.774	1.229275e+00
0.775	1.409570e+00
0.776	1.741804e+00
0.777	2.182581e+00
0.778	2.730712e+00
0.779	3.385025e+00
0.78	4.144353e+00
0.781	3.533065e+00
0.782	3.284618e+00
0.783	3.395141e+00
0.784	3.860791e+00
0.785	4.677763e+00
0.786	3.843236e+00
0.787	3.135773e+00
0.788	2.554034e+00
0.789	2.096687e+00
0.79	1.762412e+00
0.791	1.546810e+00
0.792	1.349306e+00
0.793	1.169711e+00
0.794	1.007842e+00
0.795	8.635102e-01
0.796	7.908161e-01
0.797	7.222101e-01
0.798	6.576505e-01
0.799	5.970962e-01
0.8	5.405058e-01
0.801	5.079767e-01
0.802	4.767849e-01
0.803	4.469166e-01
0.804	4.183588e-01
0.805	3.910983e-01
0.806	3.735714e-01
0.807	3.566003e-01
0.808	3.401795e-01
0.809	3.243037e-01
0.81	3.089675e-01
0.811	2.982452e-01
0.812	2.877961e-01
0.813	2.776176e-01
0.814	2.677069e-01
0.815	2.580618e-01
0.816	2.508736e-01
0.817	2.438376e-01
0.818	2.369525e-01
0.819	2.302167e-01
0.82	2.236289e-01
0.821	2.184699e-01
0.822	2.134044e-01
0.823	2.084316e-01
0.824	2.035505e-01
0.825	1.987605e-01
0.826	1.948619e-01
0.827	1.910253e-01
0.828	1.872500e-01
0.829	1.835357e-01
0.83	1.798818e-01
0.831	1.768178e-01
0.832	1.737974e-01
0.833	1.708202e-01
0.834	1.678859e-01
0.835	1.649941e-01
0.836	1.625136e-01
0.837	1.600652e-01
0.838	1.576487e-01
0.839	1.552637e-01
0.84	1.529100e-01
0.845	1.428879e-01
0.85	1.344436e-01
0.855	1.272502e-01
0.86	1.210794e-01
0.865	1.157682e-01
0.87	1.111974e-01
0.875	1.072793e-01
0.88	1.039497e-01
0.885	1.011621e-01
0.89	9.888461e-02
0.895	9.709788e-02
0.9	9.579407e-02
0.905	9.497668e-02
0.91	9.466106e-02
0.915	9.487607e-02
0.92	9.566551e-02
0.925	9.709233e-02
0.93	9.924369e-02
0.935	1.022387e-01
0.94	1.062388e-01
0.945	1.114652e-01
0.95	1.182229e-01
0.955	1.269403e-01
0.96	1.382314e-01
0.965	1.529999e-01
0.97	1.726182e-01
0.975	1.992509e-01
0.98	2.364786e-01
0.985	2.905760e-01
0.99	3.733910e-01
0.995	5.095737e-01
1	7.577040e-01
1.001	8.525848e-01
1.002	9.529397e-01
1.003	1.058718e+00
1.004	1.169869e+00
1.005	1.286344e+00
1.006	1.536415e+00
1.007	1.808804e+00
1.008	2.103304e+00
1.009	2.419716e+00
1.01	2.757838e+00
1.011	3.777322e+00
1.012	4.976389e+00
1.013	6.353411e+00
1.014	7.906776e+00
1.015	9.634877e+00
1.016	7.754375e+00
1.017	9.142616e+00
1.018	1.377027e+01
1.019	2.160824e+01
1.02	3.262756e+01
1.021	2.367698e+01
1.022	1.658536e+01
1.023	1.133582e+01
1.024	7.911595e+00
1.025	6.296063e+00
1.026	5.200975e+00
1.027	4.216529e+00
1.028	3.341772e+00
1.029	2.575760e+00
1.03	1.917550e+00
1.031	1.676047e+00
1.032	1.451678e+00
1.033	1.244299e+00
1.034	1.053764e+00
1.035	8.799328e-01
1.036	7.934367e-01
1.037	7.117030e-01
1.038	6.346919e-01
1.039	5.623640e-01
1.04	4.946802e-01
1.041	4.548289e-01
1.042	4.167813e-01
1.043	3.805228e-01
1.044	3.460384e-01
1.045	3.133136e-01
1.046	2.919419e-01
1.047	2.713953e-01
1.048	2.516671e-01
1.049	2.327506e-01
1.05	2.146391e-01
1.055	1.554657e-01
1.06	1.174068e-01
1.065	9.159930e-02
1.07	7.336072e-02
1.075	6.003535e-02
1.08	5.003000e-02
1.085	4.234374e-02
1.09	3.632335e-02
1.095	3.152856e-02
1.1	2.765427e-02
1.105	2.448408e-02
1.11	2.186127e-02
1.115	1.966996e-02
1.12	1.782321e-02
1.125	1.625488e-02
1.13	1.491383e-02
1.135	1.376015e-02
1.14	1.276232e-02
1.145	1.189522e-02
1.15	1.113860e-02
1.155	1.047600e-02
1.16	9.894002e-03
1.165	9.381473e-03
1.17	8.929122e-03
1.175	8.529246e-03
1.18	8.175315e-03
1.185	7.861766e-03
1.19	7.583854e-03
1.195	7.337516e-03
1.2	7.119186e-03
1.205	6.925708e-03
1.21	6.754322e-03
1.215	6.602427e-03
1.22	6.467674e-03
1.225	6.347846e-03
1.23	6.240799e-03
1.235	6.144370e-03
1.24	6.056269e-03
1.245	5.973969e-03
1.25	5.894560e-03
1.255	5.821693e-03
1.26	5.741862e-03
1.265	5.645988e-03
1.27	5.512118e-03
1.275	5.234150e-03
1.28	5.351003e-03
1.285	5.442293e-03
1.29	5.529104e-03
1.295	5.613576e-03
1.3	5.695197e-03
1.305	5.772332e-03
1.31	5.842586e-03
1.315	5.902720e-03
1.32	5.948240e-03
1.325	5.972405e-03
1.33	5.962528e-03
1.335	5.879078e-03
1.34	5.003949e-03
1.345	4.626284e-03
1.35	4.381911e-03
1.355	4.185807e-03
1.36	4.013745e-03
1.365	3.855189e-03
1.37	3.704778e-03
1.375	3.559645e-03
1.38	3.418316e-03
1.385	3.280189e-03
1.39	3.145234e-03
1.395	3.013813e-03
1.4	2.886577e-03
1.405	2.764355e-03
1.41	2.648063e-03
1.415	2.538650e-03
1.42	2.437004e-03
1.425	2.343913e-03
1.43	2.260061e-03
1.435	2.185970e-03
1.44	2.122008e-03
1.445	2.068393e-03
1.45	2.025197e-03
1.455	1.992372e-03
1.46	1.969801e-03
1.465	1.957312e-03
1.47	1.954717e-03
1.475	1.961844e-03
1.48	1.978562e-03
1.485	2.004843e-03
1.49	2.040747e-03
1.495	2.086486e-03
1.5	2.195263e-03
1.51	2.338939e-03
1.52	2.532739e-03
1.53	2.787330e-03
1.54	3.117702e-03
1.55	3.544056e-03
1.56	4.092542e-03
1.57	4.795850e-03
1.58	5.692970e-03
1.59	6.827386e-03
1.6	8.241633e-03
1.61	9.965748e-03
1.62	1.199595e-02
1.63	1.426305e-02
1.64	1.659510e-02
1.65	1.869544e-02
1.66	2.017365e-02
1.67	2.066083e-02
1.68	1.997762e-02
1.69	1.824143e-02
1.7	1.581490e-02
1.71	1.313116e-02
1.72	1.053658e-02
1.73	8.233598e-03
1.74	6.302044e-03
1.75	4.745136e-03
1.76	3.527006e-03
1.77	2.596314e-03
1.78	1.898853e-03
1.79	1.384309e-03
1.8	1.009375e-03
1.81	7.386417e-04
1.82	5.443353e-04
1.83	4.052503e-04
1.84	3.056531e-04
1.85	2.340172e-04
1.86	1.817706e-04
1.87	1.555943e-04
1.88	1.460706e-04
1.89	1.323788e-04
1.9	1.189385e-04
1.91	1.066224e-04
1.92	9.563517e-05
1.93	8.596286e-05
1.94	7.750260e-05
1.95	7.012621e-05
1.96	6.370215e-05
1.97	5.810639e-05
1.98	5.322597e-05
1.99	4.894934e-05
2	4.508162e-05
2.01	4.166013e-05
2.02	3.863967e-05
2.03	3.596676e-05
2.04	3.359568e-05
2.05	3.148619e-05
2.06	2.960431e-05
2.07	2.792057e-05
2.08	2.640957e-05
2.09	2.504947e-05
2.1	2.382140e-05
2.11	2.270906e-05
2.12	2.169827e-05
2.13	2.077678e-05
2.14	1.993391e-05
2.15	1.916044e-05
2.16	1.844840e-05
2.17	1.779075e-05
2.18	1.718144e-05
2.19	1.661519e-05
2.2	1.608732e-05
2.25	1.389857e-05
2.3	1.223400e-05
2.35	1.090242e-05
2.4	9.797699e-06
2.45	8.857822e-06
2.5	8.044300e-06
2.55	7.301629e-06
2.6	6.646643e-06
2.65	6.065595e-06
2.7	5.547793e-06
2.75	5.084648e-06
2.8	4.669098e-06
2.85	4.295228e-06
2.9	3.958028e-06
2.95	3.653212e-06
3	3.377087e-06
3.05	3.116290e-06
3.1	2.879584e-06
3.15	2.664386e-06
3.2	2.468427e-06
3.25	2.289711e-06
3.3	2.126478e-06
3.35	1.977171e-06
3.4	1.840412e-06
3.45	1.714977e-06
3.5	1.599779e-06
3.55	1.487800e-06
3.6	1.385117e-06
3.65	1.290838e-06
3.7	1.204172e-06
3.75	1.124409e-06
3.8	1.050914e-06
3.85	9.831204e-07
3.9	9.205172e-07
3.95	8.626459e-07
4	8.090938e-07
4.05	7.573019e-07
4.1	7.094040e-07
4.15	6.650649e-07
4.2	6.239817e-07
4.25	5.858806e-07
4.3	5.505137e-07
4.35	5.176561e-07
4.4	4.871039e-07
4.45	4.586716e-07
4.5	4.321907e-07
4.55	4.062393e-07
4.6	3.821066e-07
4.65	3.596472e-07
4.7	3.387290e-07
4.75	3.192312e-07
4.8	3.010439e-07
4.85	2.840666e-07
4.9	2.682075e-07
4.95	2.533825e-07
5	2.395148e-07
