0.1	4.186565e-04
0.105	4.032909e-04
0.115	3.722971e-04
0.12	3.568981e-04
0.14	2.990048e-04
0.16	2.488740e-04
0.18	2.077465e-04
0.2	1.751718e-04
0.22	1.499659e-04
0.24	1.308519e-04
0.26	1.168782e-04
0.28	1.098225e-04
0.3	9.989593e-05
0.32	9.225149e-05
0.34	8.644840e-05
0.36	8.216993e-05
0.38	7.919786e-05
0.4	7.739853e-05
0.42	7.680649e-05
0.44	7.696597e-05
0.46	7.818031e-05
0.48	8.052131e-05
0.5	8.413059e-05
0.52	8.923183e-05
0.54	9.615792e-05
0.56	1.053948e-04
0.58	1.176527e-04
0.6	1.339735e-04
0.62	1.558992e-04
0.64	1.846014e-04
0.66	2.241643e-04
0.68	2.806660e-04
0.7	3.623808e-04
0.72	4.886421e-04
0.74	7.321995e-04
0.745	8.540694e-04
0.755	1.287805e-03
0.76	1.682458e-03
0.765	2.672901e-03
0.77	4.390145e-03
0.775	1.124651e-02
0.778	2.098589e-02
0.78	3.008614e-02
0.782	2.136076e-02
0.786	1.565539e-02
0.795	6.657632e-03
0.8	3.658086e-03
0.82	1.360327e-03
0.84	8.772723e-04
0.86	6.750940e-04
0.88	5.749332e-04
0.9	5.344752e-04
0.92	5.459911e-04
0.94	6.263407e-04
0.96	8.451959e-04
0.98	1.494189e-03
1.0	4.887625e-03
1.005	9.357551e-03
1.012	2.643902e-02
1.018	1.123425e-01
1.02	2.076611e-01
1.022	1.233107e-01
1.025	5.161131e-02
1.032	9.424917e-03
1.04	3.045502e-03
1.045	1.973052e-03
1.06	6.789484e-04
1.08	2.718256e-04
1.1	1.415583e-04
1.12	8.710658e-05
1.14	6.013035e-05
1.16	4.460511e-05
1.18	3.545189e-05
1.2	2.981370e-05
1.22	2.629690e-05
1.24	2.405960e-05
1.26	2.261687e-05
1.28	2.138475e-05
1.3	2.273040e-05
1.32	2.514973e-05
1.34	2.010459e-05
1.36	1.235244e-05
1.38	9.614469e-06
1.4	6.191541e-06
1.42	4.181644e-06
1.44	2.828683e-06
1.46	9.867641e-07
1.48	5.832004e-07
1.5	2.992003e-07
1.52	2.468078e-07
1.54	3.415182e-07
1.56	1.718972e-06
1.58	5.042016e-06
1.6	1.163583e-05
1.62	2.228128e-05
1.64	3.315199e-05
1.66	4.467607e-05
1.68	5.347521e-05
1.7	3.997591e-05
1.72	2.539361e-05
1.74	1.409923e-05
1.76	7.451750e-06
1.78	3.825326e-06
1.8	1.950349e-06
1.82	1.011248e-06
1.84	4.951038e-07
1.86	2.824734e-07
1.88	2.269369e-07
1.9	1.742969e-07
1.92	1.319284e-07
1.94	9.899263e-08
1.96	7.118514e-08
1.98	5.383605e-08
2.0	4.064896e-08
2.02	3.053564e-08
2.04	2.300050e-08
2.06	1.736789e-08
2.08	1.314649e-08
2.1	9.975541e-09
2.12	7.587493e-09
2.14	5.784398e-09
2.16	4.419828e-09
2.18	3.384869e-09
2.2	2.597909e-09
