0.1	5.511310e-03
0.105	5.486949e-03
0.115	5.434790e-03
0.12	5.407222e-03
0.14	5.289909e-03
0.16	5.167453e-03
0.18	5.048076e-03
0.2	4.940102e-03
0.22	4.852575e-03
0.24	4.797224e-03
0.26	4.796038e-03
0.28	5.011184e-03
0.3	4.951823e-03
0.32	4.922281e-03
0.34	4.925665e-03
0.36	4.965478e-03
0.38	5.046079e-03
0.4	5.173504e-03
0.42	5.362831e-03
0.44	5.593451e-03
0.46	5.894847e-03
0.48	6.281691e-03
0.5	6.774269e-03
0.52	7.400423e-03
0.54	8.198866e-03
0.56	9.224269e-03
0.58	1.055496e-02
0.6	1.230551e-02
0.62	1.464634e-02
0.64	1.783606e-02
0.66	2.227594e-02
0.68	2.860827e-02
0.7	3.794386e-02
0.72	5.270925e-02
0.74	8.182705e-02
0.745	9.523712e-02
0.755	1.444110e-01
0.76	1.953952e-01
0.765	2.937473e-01
0.77	5.190373e-01
0.775	1.182441e+00
0.778	2.343304e+00
0.78	3.583938e+00
0.782	2.831203e+00
0.786	3.319819e+00
0.795	7.105124e-01
0.8	4.296586e-01
0.82	1.596008e-01
0.84	1.037141e-01
0.86	8.073869e-02
0.88	6.971407e-02
0.9	6.579274e-02
0.92	6.826418e-02
0.94	7.952771e-02
0.96	1.089014e-01
0.98	1.951035e-01
1.0	6.457386e-01
1.005	1.102097e+00
1.012	4.287201e+00
1.018	1.199921e+01
1.02	2.840968e+01
1.022	1.441409e+01
1.025	5.427075e+00
1.032	1.246774e+00
1.04	4.221813e-01
1.045	2.661317e-01
1.06	9.802491e-02
1.08	4.072703e-02
1.1	2.201398e-02
1.12	1.396603e-02
1.14	9.921142e-03
1.16	7.686055e-03
1.18	6.381794e-03
1.2	5.603436e-03
1.22	5.139604e-03
1.24	4.856641e-03
1.26	4.625854e-03
1.28	4.308383e-03
1.3	4.612009e-03
1.32	4.836181e-03
1.34	4.061191e-03
1.36	3.244839e-03
1.38	2.756893e-03
1.4	2.321272e-03
1.42	1.953199e-03
1.44	1.696097e-03
1.46	1.573236e-03
1.48	1.583010e-03
1.5	1.720373e-03
1.52	2.002429e-03
1.54	2.487247e-03
1.56	3.291042e-03
1.58	4.605731e-03
1.6	6.693310e-03
1.62	9.761101e-03
1.64	1.351252e-02
1.66	1.642679e-02
1.68	1.626487e-02
1.7	1.287064e-02
1.72	8.564375e-03
1.74	5.107543e-03
1.76	2.842306e-03
1.78	1.514377e-03
1.8	7.901796e-04
1.82	4.126270e-04
1.84	2.197399e-04
1.86	1.203863e-04
1.88	9.251998e-05
1.9	7.173106e-05
1.92	5.406178e-05
1.94	4.054431e-05
1.96	3.047861e-05
1.98	2.304229e-05
2.0	1.742739e-05
2.02	1.315505e-05
2.04	9.956053e-06
2.06	7.553490e-06
2.08	5.744394e-06
2.1	4.379065e-06
2.12	3.346045e-06
2.14	2.562491e-06
2.16	1.966826e-06
2.18	1.512996e-06
2.2	1.166376e-06
